{
  
  "utilityMatrix":
  [
    [5,1,4,3,0,1,3,4,4,2,4,2,4,0,4,4,3,5,2,3,1,3,1,0,4,1,3,2,3,4,null,5,4,4,1,2,1,5,4,4,2,1,2,3,3,4,4,2,5,5,3,4,1,2,4,5,0,4,0,5,3,2,1,2,1,3,2,0,4,0,4,0,3,1,1,1,5,5,0,3,2,0,2,0,1,5,0,3,2,5,0,2,1,2,4,2,0,3,0,1],
    [5,5,0,5,3,1,4,1,null,0,1,4,1,5,4,1,5,2,0,0,4,3,2,2,5,3,3,5,4,2,4,3,1,3,3,5,3,5,0,0,1,2,1,null,5,2,4,3,0,0,3,3,5,null,3,5,3,3,1,1,5,3,3,3,1,1,3,5,0,1,1,3,5,5,4,0,2,1,3,4,null,5,5,4,3,3,0,0,5,5,0,5,1,4,2,1,1,2,5,5],
    [0,3,4,5,2,5,4,1,4,4,3,0,0,5,4,1,2,0,0,3,2,4,5,3,3,1,3,1,3,3,5,1,4,4,1,0,1,4,3,4,1,4,4,2,3,0,1,3,2,1,4,0,3,1,1,5,1,4,0,1,4,5,1,1,5,3,5,0,0,1,2,2,4,4,4,null,2,4,2,0,4,0,3,0,1,2,0,3,2,4,2,3,0,5,0,5,2,0,0,2],
    [0,1,4,3,1,5,4,0,5,4,3,2,3,4,3,3,2,4,1,0,2,3,null,1,1,2,5,4,5,5,5,1,3,0,0,4,1,3,2,4,4,3,5,3,null,0,2,4,0,2,0,1,4,2,5,1,5,4,3,2,1,1,1,4,3,4,1,1,null,4,1,1,4,1,2,1,1,3,5,3,0,4,4,3,5,null,3,0,1,0,4,5,null,2,0,3,4,4,2,1],
    [3,4,3,2,0,2,5,1,0,2,4,1,5,5,1,2,0,1,0,5,5,1,1,4,2,1,3,4,2,3,2,0,0,5,null,3,5,3,2,5,5,1,5,5,3,null,0,2,3,3,0,3,1,3,2,4,1,1,5,5,5,5,0,4,1,5,2,5,1,4,2,5,4,3,3,3,2,0,0,3,0,2,3,5,2,5,0,3,0,1,5,4,1,5,0,5,4,2,2,0],
    [3,3,3,4,2,4,null,5,1,2,2,4,0,4,1,2,1,1,0,3,4,0,null,2,4,0,3,1,3,3,5,5,0,3,5,5,0,5,5,1,2,1,3,4,1,1,1,null,2,5,0,3,3,2,2,3,5,1,0,5,4,1,0,3,2,5,4,1,5,5,1,3,5,1,3,0,0,1,3,1,5,5,2,null,1,2,1,2,null,5,1,2,1,0,1,5,2,5,4,5],
    [1,3,2,1,3,4,0,0,2,4,0,2,5,1,0,4,3,5,3,2,1,1,4,2,3,2,5,4,5,4,3,3,4,0,5,2,3,4,3,4,3,3,0,0,0,0,4,0,4,3,0,5,1,1,4,2,1,4,0,5,3,1,2,2,0,4,5,2,2,0,0,5,3,1,1,0,2,3,2,0,4,3,1,1,2,5,4,1,4,4,4,4,4,0,5,1,5,5,0,0],
    [5,4,5,0,0,2,2,1,2,0,5,3,4,1,4,4,5,5,3,0,0,4,2,0,5,0,1,4,0,5,5,5,0,2,4,2,4,3,4,1,4,5,1,1,1,3,5,0,2,3,0,2,2,2,2,2,3,5,2,1,2,1,4,2,0,2,1,3,0,3,4,4,3,1,3,5,5,3,2,4,5,3,1,4,5,3,4,1,5,3,3,5,0,1,5,0,3,3,2,1],
    [0,0,5,4,5,1,3,1,3,2,4,1,0,2,0,1,3,0,2,0,3,1,3,0,3,0,1,5,4,0,3,4,2,null,0,2,4,0,2,5,1,0,3,1,4,3,3,3,0,3,5,3,0,5,4,3,2,3,4,5,0,2,0,4,4,2,2,1,1,3,3,0,5,1,5,2,1,1,2,5,0,1,2,5,3,2,5,2,4,1,2,2,null,3,0,5,4,2,3,4],
    [4,4,null,4,4,null,3,5,3,2,0,1,2,1,0,1,2,5,0,5,1,2,0,5,5,1,5,2,0,3,4,2,2,3,4,4,1,5,3,1,0,4,4,2,null,1,4,2,0,5,5,1,2,3,2,4,5,5,2,0,1,4,3,4,2,1,0,0,0,0,5,4,2,3,5,0,0,null,4,1,0,3,1,1,5,null,4,5,2,2,0,2,2,5,4,0,0,5,0,1],
    [4,2,5,0,4,0,0,2,5,3,3,0,4,4,3,5,2,3,2,1,0,5,0,0,3,2,4,3,2,0,0,0,4,4,5,5,2,4,5,0,5,3,3,0,1,3,0,4,2,3,1,2,5,5,3,2,0,3,0,5,5,3,3,3,null,1,0,1,0,2,1,5,2,2,1,3,1,2,3,5,5,5,4,3,0,3,1,5,0,5,0,4,5,0,4,0,0,2,2,1],
    [0,1,3,3,5,3,4,0,0,2,5,3,2,0,null,2,3,1,5,3,4,0,1,1,4,4,2,4,2,4,4,3,5,5,5,0,1,1,4,5,null,3,0,0,3,3,5,4,1,5,1,4,null,3,4,2,2,1,2,null,3,0,5,3,0,2,4,0,3,0,0,3,5,0,0,4,0,5,0,5,null,5,5,1,5,3,3,0,3,3,5,0,1,0,5,2,2,2,3,0],
    [3,3,3,1,2,2,4,5,1,5,0,0,5,4,2,4,3,3,5,0,4,3,1,2,4,5,3,0,4,3,1,3,0,3,4,4,5,2,4,5,2,5,5,0,3,5,4,1,1,2,2,2,2,4,0,3,4,3,5,2,3,0,3,1,4,1,1,2,4,2,0,4,0,null,5,0,3,5,2,4,1,3,3,1,3,2,3,1,1,3,1,5,3,2,0,4,4,1,2,null],
    [0,1,2,4,2,0,4,4,5,5,2,2,2,2,5,0,0,4,5,null,1,null,2,3,4,5,5,4,0,1,4,3,4,2,1,2,1,4,3,2,2,1,2,5,2,3,4,3,2,2,1,2,0,4,0,null,2,0,null,4,0,4,4,2,2,2,1,0,1,4,4,1,1,2,4,3,null,2,4,3,4,0,5,3,5,4,2,2,2,2,3,2,4,4,1,1,4,1,2,3],
    [4,0,1,4,1,1,5,3,0,0,1,2,5,3,3,0,0,1,5,5,5,2,4,4,5,5,3,4,3,3,3,4,3,4,3,3,4,2,5,5,2,1,5,null,null,3,1,4,0,2,2,2,2,3,5,3,0,5,1,5,2,1,2,1,1,2,4,2,null,2,0,4,1,3,0,4,2,0,3,5,3,1,3,0,null,2,3,0,1,0,2,null,5,0,5,3,3,2,2,1],
    [5,2,4,0,0,4,2,3,3,2,1,1,0,4,3,3,2,4,5,0,3,2,4,0,2,2,5,0,2,3,4,4,2,3,0,5,0,3,5,1,5,3,1,3,1,5,2,4,3,3,2,0,3,1,5,5,5,2,1,2,4,1,4,1,4,0,1,3,4,4,5,5,2,3,4,3,1,0,2,2,3,4,4,4,3,1,0,2,2,0,2,1,4,2,0,0,4,2,3,3],
    [0,1,2,2,2,2,0,1,4,2,5,5,2,4,0,2,0,0,4,3,0,0,0,2,2,2,2,5,0,4,5,3,5,0,2,5,4,1,0,5,5,1,0,5,0,3,4,2,3,3,1,4,1,1,0,4,4,2,2,4,5,3,1,4,4,5,5,3,0,5,4,3,4,1,4,2,5,3,5,2,0,4,2,0,1,0,1,5,3,5,4,3,2,1,5,4,5,3,2,3],
    [0,2,5,5,0,4,5,5,0,3,1,0,0,5,3,0,1,1,0,0,3,4,1,0,0,1,1,1,5,2,0,3,3,4,null,1,null,0,4,null,0,3,3,4,5,0,1,4,4,1,1,2,5,2,5,0,3,2,5,5,0,2,0,5,3,0,5,3,3,3,5,0,0,1,5,4,3,1,4,3,5,2,2,0,3,0,0,4,3,4,5,5,1,0,0,0,2,2,1,0],
    [0,0,2,0,3,5,1,0,1,3,0,4,5,4,2,2,1,4,1,2,0,0,4,0,2,5,5,4,5,0,1,5,4,1,0,4,null,0,3,3,4,2,0,1,5,1,4,5,null,1,1,4,1,5,1,0,4,1,1,5,5,2,2,1,3,3,0,5,2,2,2,5,0,2,0,5,4,5,5,4,1,0,2,0,0,5,2,2,1,1,5,5,4,3,4,5,4,5,4,1],
    [0,0,1,0,0,0,4,4,0,3,3,0,1,4,0,5,3,0,1,3,2,4,1,4,5,2,2,2,3,2,1,4,1,2,2,3,5,0,4,5,0,3,0,0,2,1,1,1,4,0,5,5,0,3,5,2,4,3,2,2,4,5,5,2,3,1,1,5,4,0,4,1,5,0,0,1,5,2,1,4,3,5,4,4,1,1,0,2,2,3,0,3,3,0,2,4,3,3,3,5],
    [2,3,0,3,2,0,2,null,0,0,5,4,0,2,5,5,4,5,0,0,0,3,3,1,3,5,2,5,4,2,4,1,2,0,null,0,3,4,1,1,3,3,1,2,4,1,0,0,1,0,4,0,3,0,2,4,4,0,1,4,5,2,null,5,5,5,2,3,0,2,2,2,5,1,4,4,1,1,0,2,5,3,0,null,2,5,1,4,0,1,5,0,2,4,5,3,1,3,3,4],
    [5,2,0,0,2,2,1,4,5,1,4,3,5,4,4,0,1,1,5,1,0,1,4,2,3,3,5,0,1,0,1,3,4,4,2,3,0,4,1,3,3,3,0,0,0,2,3,3,5,5,5,0,1,3,1,4,3,3,0,5,2,0,3,4,5,0,2,5,5,0,1,0,3,3,3,0,2,3,5,3,0,4,5,3,5,1,4,2,1,5,4,2,1,4,5,0,2,2,4,0],
    [1,3,1,4,4,0,1,1,2,4,0,null,0,0,5,0,2,3,2,4,3,3,1,2,1,5,1,3,5,2,0,4,0,2,1,5,5,1,0,1,0,null,0,4,0,1,0,5,3,4,5,0,0,0,5,5,5,2,4,5,0,3,4,0,1,1,0,4,4,4,5,0,1,null,1,1,5,5,5,4,1,1,1,1,0,4,2,3,2,1,2,3,1,5,3,3,2,0,5,4],
    [2,2,1,1,2,0,1,3,3,2,5,2,5,3,2,2,1,4,0,0,5,0,5,0,0,5,1,2,2,5,1,0,4,3,1,3,2,2,4,1,4,5,5,0,0,4,0,0,0,0,4,1,5,2,5,4,2,2,0,4,3,1,4,0,4,4,5,0,4,5,0,2,3,4,5,1,4,2,5,4,5,4,2,1,2,0,2,1,3,2,0,4,2,5,5,4,3,0,2,0],
    [2,0,2,4,3,1,1,1,1,3,0,2,2,3,3,null,3,4,1,5,3,5,2,4,4,0,5,4,4,0,5,5,2,3,3,0,5,4,3,4,0,2,3,4,4,4,2,1,1,4,1,1,5,0,2,5,4,0,0,4,2,4,3,4,5,3,4,5,4,5,4,0,1,2,5,4,2,2,3,2,5,4,1,1,1,0,1,0,0,0,3,1,5,2,0,2,0,4,5,2]
  ],

  
  "similarityMatrix":
  [
    [1,0.5016025682249156,0.5572811275764269,0.5208340579715625,0.5032103060650311,0.5501111248319204,0.5729168699187476,0.5743240669241447,0.5220878741860592,0.5554777845821426,0.5581855593125096,0.5554777845821426,0.5365347909497413,0.5795240791674272,0.56,0.536966523888391,0.5208340579715625,0.5020040160804506,0.5016025682249156,0.54,0.5250263165184833,0.5518928699518384,0.5237647640083737,0.5096939731147495,0.5241849098651873],
    [0.5016025682249156,1,0.5417424305044161,0.5386974962131681,0.5137901687542712,0.5687228269430435,0.4854127867892557,0.5404349882769577,0.5292559081624072,0.5465686380498147,0.5246054270398115,0.5028078842137579,0.5386974962131681,0.5365347909497413,0.5271363832985244,0.5404349882769577,0.48892270643277447,0.4780804659720045,0.46745892177222603,0.5326671421780831,0.568259337101542,0.5220878741860592,0.5154383424165714,0.5125576957218423,0.536103459810272],
    [0.5572811275764269,0.5417424305044161,1,0.5719813088193462,0.536103459810272,0.5505558989151154,0.4952228214350415,0.46595880308725246,0.5426161349588291,0.5456873323359781,0.49049043188572017,0.489705967113077,0.522506544547467,0.5677963443005138,0.5204168476687281,0.5220878741860592,0.5080650449500462,0.5518928699518384,0.46708349622103085,0.5016025682249156,0.5452473199639171,0.4928511066757614,0.4861906968533948,0.5417424305044161,0.5421790743096161],
    [0.5208340579715625,0.5386974962131681,0.5719813088193462,1,0.559091846299028,0.5622786274352143,0.5659493117157859,0.5382641447753922,0.5920784389125773,0.5330952988028499,0.5191673887931477,0.5391312551278835,0.5701162947959064,0.5901219693616161,0.5505558989151154,0.587689437438234,0.5492228932166142,0.56,0.5654887803519915,0.4980039840795547,0.5373986597511848,0.521251631856567,0.5044195322654453,0.5563785397436233,0.5430536136481654],
    [0.5032103060650311,0.5137901687542712,0.536103459810272,0.559091846299028,1,0.5501111248319204,0.4869697864647736,0.47884743116818473,0.5421790743096161,0.48154074412737113,0.4924568983820192,0.4861906968533948,0.5386974962131681,0.5339527920907583,0.5641101056459326,0.5088788336876531,0.5343821309270873,0.5020040160804506,0.5064414928298773,0.5096939731147495,0.5220878741860592,0.455573696447352,0.47388214248136373,0.48580159471270234,0.5158512625235918],
    [0.5501111248319204,0.5687228269430435,0.5505558989151154,0.5622786274352143,0.5501111248319204,1,0.5487794330928608,0.5028078842137579,0.5301063950211709,0.5343821309270873,0.5195835140214274,0.5258692163548121,0.5313850194456007,0.5288312404244101,0.5483364083745514,0.5809534632048607,0.5586384701857219,0.5335238484123759,0.47846380758378804,0.5279830511517621,0.5404349882769577,0.5012014434664029,0.4838604839774424,0.521251631856567,0.5790486964030163],
    [0.5729168699187476,0.4854127867892557,0.4952228214350415,0.5659493117157859,0.4869697864647736,0.5487794330928608,1,0.5752647883680939,0.4823128357782086,0.5129681735245631,0.5343821309270873,0.5843078061834694,0.5343821309270873,0.5142016879403553,0.5577331122500804,0.4984025518406219,0.5456873323359781,0.45704512158007093,0.5710477882094557,0.5072526002098032,0.5170921412940146,0.5125576957218423,0.4544727321205658,0.5072526002098032,0.4956191914832604],
    [0.5743240669241447,0.5404349882769577,0.46595880308725246,0.5382641447753922,0.47884743116818473,0.5028078842137579,0.5752647883680939,1,0.49443101360941843,0.5284069550979362,0.5391312551278835,0.5545788509735983,0.5421790743096161,0.535672529350244,0.5166781610562171,0.559091846299028,0.5154383424165714,0.46896327810592986,0.47923133734833856,0.5044195322654453,0.5408703886700401,0.5032103060650311,0.46037049747071834,0.5052273249258807,0.48892270643277447],
    [0.5220878741860592,0.5292559081624072,0.5426161349588291,0.5920784389125773,0.5421790743096161,0.5301063950211709,0.4823128357782086,0.49443101360941843,1,0.5072526002098032,0.47198484870223656,0.5568296038767933,0.5421790743096161,0.5823877396435779,0.5487794330928608,0.5150257738807144,0.5386974962131681,0.5426161349588291,0.5101020514433644,0.5545788509735983,0.5288312404244101,0.49920063897804345,0.5373986597511848,0.4988014365543333,0.535672529350244],
    [0.5554777845821426,0.5465686380498147,0.5456873323359781,0.5330952988028499,0.48154074412737113,0.5343821309270873,0.5129681735245631,0.5284069550979362,0.5072526002098032,1,0.5166781610562171,0.48892270643277447,0.54,0.5743240669241447,0.5129681735245631,0.530958424017657,0.47846380758378804,0.4712278373439086,0.44538301504551814,0.47923133734833856,0.5072526002098032,0.5348118660154797,0.5048232638744021,0.47426242287620335,0.5237647640083737],
    [0.5581855593125096,0.5246054270398115,0.49049043188572017,0.5191673887931477,0.4924568983820192,0.5195835140214274,0.5343821309270873,0.5391312551278835,0.47198484870223656,0.5166781610562171,1,0.5125576957218423,0.5386974962131681,0.53524199845511,0.5373986597511848,0.5586384701857219,0.4807698005701132,0.48115512915708614,0.5068468797624819,0.5101020514433644,0.5129681735245631,0.5330952988028499,0.44936400408255184,0.5365347909497413,0.4956191914832604],
    [0.5554777845821426,0.5028078842137579,0.489705967113077,0.5391312551278835,0.4861906968533948,0.5258692163548121,0.5843078061834694,0.5545788509735983,0.5568296038767933,0.48892270643277447,0.5125576957218423,1,0.5262912287069196,0.5492228932166142,0.5990012468847316,0.4988014365543333,0.5195835140214274,0.4834731371942017,0.5080650449500462,0.5170921412940146,0.5170921412940146,0.5301063950211709,0.4625988462982239,0.4948267623873964,0.4948267623873964],
    [0.5365347909497413,0.5386974962131681,0.522506544547467,0.5701162947959064,0.5386974962131681,0.5313850194456007,0.5343821309270873,0.5421790743096161,0.5421790743096161,0.54,0.5386974962131681,0.5262912287069196,1,0.5677963443005138,0.5867204336045635,0.5747941674906141,0.4834731371942017,0.5254475792918131,0.535672529350244,0.5724488334713611,0.47846380758378804,0.5395654226711465,0.5175064767274072,0.562735777818491,0.5254475792918131],
    [0.5795240791674272,0.5365347909497413,0.5677963443005138,0.5901219693616161,0.5339527920907583,0.5288312404244101,0.5142016879403553,0.535672529350244,0.5823877396435779,0.5743240669241447,0.53524199845511,0.5492228932166142,0.5677963443005138,1,0.5910990339947826,0.5935519713419686,0.5586384701857219,0.53524199845511,0.5474516600406096,0.5076586549963531,0.5426161349588291,0.5668718434458457,0.5677963443005138,0.5216695702759441,0.5843078061834694],
    [0.56,0.5271363832985244,0.5204168476687281,0.5505558989151154,0.5641101056459326,0.5483364083745514,0.5577331122500804,0.5166781610562171,0.5487794330928608,0.5129681735245631,0.5373986597511848,0.5990012468847316,0.5867204336045635,0.5910990339947826,1,0.5439298299603448,0.5020040160804506,0.5191673887931477,0.5550280907742602,0.536966523888391,0.49641286751943314,0.5296809593478061,0.5166781610562171,0.566410332226424,0.5650287365813691],
    [0.536966523888391,0.5404349882769577,0.5220878741860592,0.587689437438234,0.5088788336876531,0.5809534632048607,0.4984025518406219,0.559091846299028,0.5150257738807144,0.530958424017657,0.5586384701857219,0.4988014365543333,0.5747941674906141,0.5935519713419686,0.5439298299603448,1,0.5040161292945102,0.5229255823249375,0.5072526002098032,0.5275595275592914,0.5246054270398115,0.5677963443005138,0.5117377753706519,0.5465686380498147,0.5609100319979969],
    [0.5208340579715625,0.48892270643277447,0.5080650449500462,0.5492228932166142,0.5343821309270873,0.5586384701857219,0.5456873323359781,0.5154383424165714,0.5386974962131681,0.47846380758378804,0.4807698005701132,0.5195835140214274,0.4834731371942017,0.5586384701857219,0.5020040160804506,0.5040161292945102,1,0.4685867897765431,0.5404349882769577,0.5121475632939813,0.5220878741860592,0.5233449884874806,0.4952228214350415,0.5032103060650311,0.5060364385908613],
    [0.5020040160804506,0.4780804659720045,0.5518928699518384,0.56,0.5020040160804506,0.5335238484123759,0.45704512158007093,0.46896327810592986,0.5426161349588291,0.4712278373439086,0.48115512915708614,0.4834731371942017,0.5254475792918131,0.53524199845511,0.5191673887931477,0.5229255823249375,0.4685867897765431,1,0.47426242287620335,0.5117377753706519,0.4773146261851209,0.4588900296612527,0.5036130541603657,0.48154074412737113,0.5426161349588291],
    [0.5016025682249156,0.46745892177222603,0.46708349622103085,0.5654887803519915,0.5064414928298773,0.47846380758378804,0.5710477882094557,0.47923133734833856,0.5101020514433644,0.44538301504551814,0.5068468797624819,0.5080650449500462,0.535672529350244,0.5474516600406096,0.5550280907742602,0.5072526002098032,0.5404349882769577,0.47426242287620335,1,0.5040161292945102,0.5076586549963531,0.5076586549963531,0.5237647640083737,0.47540491805583995,0.496810174983635],
    [0.54,0.5326671421780831,0.5016025682249156,0.4980039840795547,0.5096939731147495,0.5279830511517621,0.5072526002098032,0.5044195322654453,0.5545788509735983,0.47923133734833856,0.5101020514433644,0.5170921412940146,0.5724488334713611,0.5076586549963531,0.536966523888391,0.5275595275592914,0.5121475632939813,0.5117377753706519,0.5040161292945102,1,0.517921168272242,0.49443101360941843,0.53524199845511,0.4823128357782086,0.5292559081624072],
    [0.5250263165184833,0.568259337101542,0.5452473199639171,0.5373986597511848,0.5220878741860592,0.5404349882769577,0.5170921412940146,0.5408703886700401,0.5288312404244101,0.5072526002098032,0.5129681735245631,0.5170921412940146,0.47846380758378804,0.5426161349588291,0.49641286751943314,0.5246054270398115,0.5220878741860592,0.4773146261851209,0.5076586549963531,0.517921168272242,1,0.489705967113077,0.5092862341445881,0.5365347909497413,0.5757359312880714],
    [0.5518928699518384,0.5220878741860592,0.4928511066757614,0.521251631856567,0.455573696447352,0.5012014434664029,0.5125576957218423,0.5032103060650311,0.49920063897804345,0.5348118660154797,0.5330952988028499,0.5301063950211709,0.5395654226711465,0.5668718434458457,0.5296809593478061,0.5677963443005138,0.5233449884874806,0.4588900296612527,0.5076586549963531,0.49443101360941843,0.489705967113077,1,0.5032103060650311,0.5288312404244101,0.4854127867892557],
    [0.5237647640083737,0.5154383424165714,0.4861906968533948,0.5044195322654453,0.47388214248136373,0.4838604839774424,0.4544727321205658,0.46037049747071834,0.5373986597511848,0.5048232638744021,0.44936400408255184,0.4625988462982239,0.5175064767274072,0.5677963443005138,0.5166781610562171,0.5117377753706519,0.4952228214350415,0.5036130541603657,0.5237647640083737,0.53524199845511,0.5092862341445881,0.5032103060650311,1,0.4980039840795547,0.5301063950211709],
    [0.5096939731147495,0.5125576957218423,0.5417424305044161,0.5563785397436233,0.48580159471270234,0.521251631856567,0.5072526002098032,0.5052273249258807,0.4988014365543333,0.47426242287620335,0.5365347909497413,0.4948267623873964,0.562735777818491,0.5216695702759441,0.566410332226424,0.5465686380498147,0.5032103060650311,0.48154074412737113,0.47540491805583995,0.4823128357782086,0.5365347909497413,0.5288312404244101,0.4980039840795547,1,0.48892270643277447],
    [0.5241849098651873,0.536103459810272,0.5421790743096161,0.5430536136481654,0.5158512625235918,0.5790486964030163,0.4956191914832604,0.48892270643277447,0.535672529350244,0.5237647640083737,0.4956191914832604,0.4948267623873964,0.5254475792918131,0.5843078061834694,0.5650287365813691,0.5609100319979969,0.5060364385908613,0.5426161349588291,0.496810174983635,0.5292559081624072,0.5757359312880714,0.4854127867892557,0.5301063950211709,0.48892270643277447,1]
  ],

  "metric":"euclidean",
  "predictionMethod":"userBased/collaborativeFiltering/meanDiff",
  "numOfNeighbors":8,
  
  "predictedMatrix":
  [
    [5,1,4,3,0,1,3,4,4,2,4,2,4,0,4,4,3,5,2,3,1,3,1,0,4,1,3,2,3,4,3.5086409677598307,5,4,4,1,2,1,5,4,4,2,1,2,3,3,4,4,2,5,5,3,4,1,2,4,5,0,4,0,5,3,2,1,2,1,3,2,0,4,0,4,0,3,1,1,1,5,5,0,3,2,0,2,0,1,5,0,3,2,5,0,2,1,2,4,2,0,3,0,1],
    [5,5,0,5,3,1,4,1,2.5810624285606716,0,1,4,1,5,4,1,5,2,0,0,4,3,2,2,5,3,3,5,4,2,4,3,1,3,3,5,3,5,0,0,1,2,1,2.3657364815701922,5,2,4,3,0,0,3,3,5,2.0934735012928223,3,5,3,3,1,1,5,3,3,3,1,1,3,5,0,1,1,3,5,5,4,0,2,1,3,4,3.129543697049221,5,5,4,3,3,0,0,5,5,0,5,1,4,2,1,1,2,5,5],
    [0,3,4,5,2,5,4,1,4,4,3,0,0,5,4,1,2,0,0,3,2,4,5,3,3,1,3,1,3,3,5,1,4,4,1,0,1,4,3,4,1,4,4,2,3,0,1,3,2,1,4,0,3,1,1,5,1,4,0,1,4,5,1,1,5,3,5,0,0,1,2,2,4,4,4,1.806072060499356,2,4,2,0,4,0,3,0,1,2,0,3,2,4,2,3,0,5,0,5,2,0,0,2],
    [0,1,4,3,1,5,4,0,5,4,3,2,3,4,3,3,2,4,1,0,2,3,3.098147078807548,1,1,2,5,4,5,5,5,1,3,0,0,4,1,3,2,4,4,3,5,3,2.438147545841578,0,2,4,0,2,0,1,4,2,5,1,5,4,3,2,1,1,1,4,3,4,1,1,2.4241280146334505,4,1,1,4,1,2,1,1,3,5,3,0,4,4,3,5,2.925806883255601,3,0,1,0,4,5,2.7091010336931496,2,0,3,4,4,2,1],
    [3,4,3,2,0,2,5,1,0,2,4,1,5,5,1,2,0,1,0,5,5,1,1,4,2,1,3,4,2,3,2,0,0,5,2.113010380607292,3,5,3,2,5,5,1,5,5,3,2.349546847584136,0,2,3,3,0,3,1,3,2,4,1,1,5,5,5,5,0,4,1,5,2,5,1,4,2,5,4,3,3,3,2,0,0,3,0,2,3,5,2,5,0,3,0,1,5,4,1,5,0,5,4,2,2,0],
    [3,3,3,4,2,4,2.8435515975682817,5,1,2,2,4,0,4,1,2,1,1,0,3,4,0,2.37466256069966,2,4,0,3,1,3,3,5,5,0,3,5,5,0,5,5,1,2,1,3,4,1,1,1,2.61234222053447,2,5,0,3,3,2,2,3,5,1,0,5,4,1,0,3,2,5,4,1,5,5,1,3,5,1,3,0,0,1,3,1,5,5,2,2.120746058763428,1,2,1,2,1.8607489570853732,5,1,2,1,0,1,5,2,5,4,5],
    [1,3,2,1,3,4,0,0,2,4,0,2,5,1,0,4,3,5,3,2,1,1,4,2,3,2,5,4,5,4,3,3,4,0,5,2,3,4,3,4,3,3,0,0,0,0,4,0,4,3,0,5,1,1,4,2,1,4,0,5,3,1,2,2,0,4,5,2,2,0,0,5,3,1,1,0,2,3,2,0,4,3,1,1,2,5,4,1,4,4,4,4,4,0,5,1,5,5,0,0],
    [5,4,5,0,0,2,2,1,2,0,5,3,4,1,4,4,5,5,3,0,0,4,2,0,5,0,1,4,0,5,5,5,0,2,4,2,4,3,4,1,4,5,1,1,1,3,5,0,2,3,0,2,2,2,2,2,3,5,2,1,2,1,4,2,0,2,1,3,0,3,4,4,3,1,3,5,5,3,2,4,5,3,1,4,5,3,4,1,5,3,3,5,0,1,5,0,3,3,2,1],
    [0,0,5,4,5,1,3,1,3,2,4,1,0,2,0,1,3,0,2,0,3,1,3,0,3,0,1,5,4,0,3,4,2,3.086870068369826,0,2,4,0,2,5,1,0,3,1,4,3,3,3,0,3,5,3,0,5,4,3,2,3,4,5,0,2,0,4,4,2,2,1,1,3,3,0,5,1,5,2,1,1,2,5,0,1,2,5,3,2,5,2,4,1,2,2,2.1377226376065463,3,0,5,4,2,3,4],
    [4,4,2.4092523312824996,4,4,2.380445191964928,3,5,3,2,0,1,2,1,0,1,2,5,0,5,1,2,0,5,5,1,5,2,0,3,4,2,2,3,4,4,1,5,3,1,0,4,4,2,2.1743954157537058,1,4,2,0,5,5,1,2,3,2,4,5,5,2,0,1,4,3,4,2,1,0,0,0,0,5,4,2,3,5,0,0,2.909813446413037,4,1,0,3,1,1,5,2.438017072551156,4,5,2,2,0,2,2,5,4,0,0,5,0,1],
    [4,2,5,0,4,0,0,2,5,3,3,0,4,4,3,5,2,3,2,1,0,5,0,0,3,2,4,3,2,0,0,0,4,4,5,5,2,4,5,0,5,3,3,0,1,3,0,4,2,3,1,2,5,5,3,2,0,3,0,5,5,3,3,3,1.9430021123083248,1,0,1,0,2,1,5,2,2,1,3,1,2,3,5,5,5,4,3,0,3,1,5,0,5,0,4,5,0,4,0,0,2,2,1],
    [0,1,3,3,5,3,4,0,0,2,5,3,2,0,2.863155209270893,2,3,1,5,3,4,0,1,1,4,4,2,4,2,4,4,3,5,5,5,0,1,1,4,5,2.6306809146906462,3,0,0,3,3,5,4,1,5,1,4,1.3889788272948675,3,4,2,2,1,2,4.035136944891262,3,0,5,3,0,2,4,0,3,0,0,3,5,0,0,4,0,5,0,5,2.302318164711196,5,5,1,5,3,3,0,3,3,5,0,1,0,5,2,2,2,3,0],
    [3,3,3,1,2,2,4,5,1,5,0,0,5,4,2,4,3,3,5,0,4,3,1,2,4,5,3,0,4,3,1,3,0,3,4,4,5,2,4,5,2,5,5,0,3,5,4,1,1,2,2,2,2,4,0,3,4,3,5,2,3,0,3,1,4,1,1,2,4,2,0,4,0,2.0434402087607753,5,0,3,5,2,4,1,3,3,1,3,2,3,1,1,3,1,5,3,2,0,4,4,1,2,2.404627327964202],
    [0,1,2,4,2,0,4,4,5,5,2,2,2,2,5,0,0,4,5,2.645235078882255,1,2.7763459120369935,2,3,4,5,5,4,0,1,4,3,4,2,1,2,1,4,3,2,2,1,2,5,2,3,4,3,2,2,1,2,0,4,0,3.8982958010530604,2,0,1.410566352949148,4,0,4,4,2,2,2,1,0,1,4,4,1,1,2,4,3,1.7787479593734414,2,4,3,4,0,5,3,5,4,2,2,2,2,3,2,4,4,1,1,4,1,2,3],
    [4,0,1,4,1,1,5,3,0,0,1,2,5,3,3,0,0,1,5,5,5,2,4,4,5,5,3,4,3,3,3,4,3,4,3,3,4,2,5,5,2,1,5,2.121550041653682,2.264389478594856,3,1,4,0,2,2,2,2,3,5,3,0,5,1,5,2,1,2,1,1,2,4,2,2.8762512910633244,2,0,4,1,3,0,4,2,0,3,5,3,1,3,0,2.6653369450984408,2,3,0,1,0,2,2.7397676563390334,5,0,5,3,3,2,2,1],
    [5,2,4,0,0,4,2,3,3,2,1,1,0,4,3,3,2,4,5,0,3,2,4,0,2,2,5,0,2,3,4,4,2,3,0,5,0,3,5,1,5,3,1,3,1,5,2,4,3,3,2,0,3,1,5,5,5,2,1,2,4,1,4,1,4,0,1,3,4,4,5,5,2,3,4,3,1,0,2,2,3,4,4,4,3,1,0,2,2,0,2,1,4,2,0,0,4,2,3,3],
    [0,1,2,2,2,2,0,1,4,2,5,5,2,4,0,2,0,0,4,3,0,0,0,2,2,2,2,5,0,4,5,3,5,0,2,5,4,1,0,5,5,1,0,5,0,3,4,2,3,3,1,4,1,1,0,4,4,2,2,4,5,3,1,4,4,5,5,3,0,5,4,3,4,1,4,2,5,3,5,2,0,4,2,0,1,0,1,5,3,5,4,3,2,1,5,4,5,3,2,3],
    [0,2,5,5,0,4,5,5,0,3,1,0,0,5,3,0,1,1,0,0,3,4,1,0,0,1,1,1,5,2,0,3,3,4,1.482068436938233,1,1.869973555733869,0,4,3.012084903025425,0,3,3,4,5,0,1,4,4,1,1,2,5,2,5,0,3,2,5,5,0,2,0,5,3,0,5,3,3,3,5,0,0,1,5,4,3,1,4,3,5,2,2,0,3,0,0,4,3,4,5,5,1,0,0,0,2,2,1,0],
    [0,0,2,0,3,5,1,0,1,3,0,4,5,4,2,2,1,4,1,2,0,0,4,0,2,5,5,4,5,0,1,5,4,1,0,4,3.350673661909541,0,3,3,4,2,0,1,5,1,4,5,1.6403539281874573,1,1,4,1,5,1,0,4,1,1,5,5,2,2,1,3,3,0,5,2,2,2,5,0,2,0,5,4,5,5,4,1,0,2,0,0,5,2,2,1,1,5,5,4,3,4,5,4,5,4,1],
    [0,0,1,0,0,0,4,4,0,3,3,0,1,4,0,5,3,0,1,3,2,4,1,4,5,2,2,2,3,2,1,4,1,2,2,3,5,0,4,5,0,3,0,0,2,1,1,1,4,0,5,5,0,3,5,2,4,3,2,2,4,5,5,2,3,1,1,5,4,0,4,1,5,0,0,1,5,2,1,4,3,5,4,4,1,1,0,2,2,3,0,3,3,0,2,4,3,3,3,5],
    [2,3,0,3,2,0,2,1.8025377480998634,0,0,5,4,0,2,5,5,4,5,0,0,0,3,3,1,3,5,2,5,4,2,4,1,2,0,2.0782744286641224,0,3,4,1,1,3,3,1,2,4,1,0,0,1,0,4,0,3,0,2,4,4,0,1,4,5,2,2.322781527863982,5,5,5,2,3,0,2,2,2,5,1,4,4,1,1,0,2,5,3,0,2.4537375423866457,2,5,1,4,0,1,5,0,2,4,5,3,1,3,3,4],
    [5,2,0,0,2,2,1,4,5,1,4,3,5,4,4,0,1,1,5,1,0,1,4,2,3,3,5,0,1,0,1,3,4,4,2,3,0,4,1,3,3,3,0,0,0,2,3,3,5,5,5,0,1,3,1,4,3,3,0,5,2,0,3,4,5,0,2,5,5,0,1,0,3,3,3,0,2,3,5,3,0,4,5,3,5,1,4,2,1,5,4,2,1,4,5,0,2,2,4,0],
    [1,3,1,4,4,0,1,1,2,4,0,1.4381212801703673,0,0,5,0,2,3,2,4,3,3,1,2,1,5,1,3,5,2,0,4,0,2,1,5,5,1,0,1,0,1.6733118599918144,0,4,0,1,0,5,3,4,5,0,0,0,5,5,5,2,4,5,0,3,4,0,1,1,0,4,4,4,5,0,1,1.7855417696033373,1,1,5,5,5,4,1,1,1,1,0,4,2,3,2,1,2,3,1,5,3,3,2,0,5,4],
    [2,2,1,1,2,0,1,3,3,2,5,2,5,3,2,2,1,4,0,0,5,0,5,0,0,5,1,2,2,5,1,0,4,3,1,3,2,2,4,1,4,5,5,0,0,4,0,0,0,0,4,1,5,2,5,4,2,2,0,4,3,1,4,0,4,4,5,0,4,5,0,2,3,4,5,1,4,2,5,4,5,4,2,1,2,0,2,1,3,2,0,4,2,5,5,4,3,0,2,0],
    [2,0,2,4,3,1,1,1,1,3,0,2,2,3,3,1.8822815409978264,3,4,1,5,3,5,2,4,4,0,5,4,4,0,5,5,2,3,3,0,5,4,3,4,0,2,3,4,4,4,2,1,1,4,1,1,5,0,2,5,4,0,0,4,2,4,3,4,5,3,4,5,4,5,4,0,1,2,5,4,2,2,3,2,5,4,1,1,1,0,1,0,0,0,3,1,5,2,0,2,0,4,5,2]
  ]

}