{
  
  "utilityMatrix":
  [
    [1,5,0,5,4,0,4,3,null,5,2,0,5,0,2,1,3,5,0,5,4,0,2,0,0,0,0,4,4,2,0,4,0,2,4,5,4,3,1,null,0,4,5,3,3,3,0,3,2,4,0,4,4,3,3,3,3,3,0,3,3,1,5,3,2,2,5,3,1,1,0,3,1,4,0,0,3,2,3,4,2,2,0,1,2,1,3,3,3,5,0,2,0,5,5,2,0,0,1,5,4,5,2,4,3,5,5,4,1,2,1,null,0,5,3,5,1,4,3,5,1,1,2,4,1,3,4,0,0,1,4,1,2,1,5,1,4,3,4,2,2,0,5,3,4,4,0,1,5,3,3,2,4,4,2,3,3,2,1,0,5,null,2,2,4,1,3,0,5,4,4,3,4,5,1,5,1,1,5,1,3,5,0,3,2,2,4,1,3,1,3,1,5,4,4,3,2,3,3,4,3,0,0,1,5,4,4,2,1,3,4,4,0,4,3,1,5,5,5,4,1,2,0,3,4,4,2,2,1,5,2,5,3,0,5,1,1,0,1,3,1,2,3,4,3,4,0,2,1,0],
    [4,3,1,1,0,4,3,5,1,5,2,3,4,5,4,5,4,2,5,2,1,3,1,0,3,0,2,3,0,5,0,1,5,1,2,5,4,2,1,0,1,2,3,2,2,1,4,4,2,4,4,0,2,3,2,3,2,0,5,4,5,2,5,3,3,1,2,4,0,0,4,4,5,4,1,5,4,3,0,4,2,0,1,5,0,1,1,5,3,1,5,3,1,2,3,0,1,3,5,4,1,1,2,4,4,0,0,null,2,1,5,2,3,5,0,1,5,3,0,4,0,2,2,1,3,5,5,2,0,0,5,1,3,5,3,4,5,null,0,2,4,0,2,2,0,null,4,1,2,3,5,1,4,5,1,2,5,0,3,4,5,4,4,2,2,0,0,3,4,4,0,2,0,3,3,3,4,4,1,3,4,2,3,1,5,1,3,1,0,4,0,5,3,3,3,3,3,2,2,0,4,4,3,0,3,1,1,3,2,4,0,5,5,5,4,4,2,5,5,0,0,4,3,3,0,2,1,3,0,5,2,0,2,3,5,2,0,4,1,5,4,4,2,1,3,0,4,1,3,3],
    [2,4,5,3,4,5,0,2,2,0,0,2,2,1,4,5,5,0,5,2,3,2,3,3,5,4,1,1,4,3,4,0,3,4,5,2,5,1,5,1,2,0,4,4,3,1,5,2,5,2,5,2,3,0,2,3,2,2,4,5,3,4,0,0,2,2,1,2,5,5,5,5,2,3,0,1,5,3,4,2,4,0,4,5,1,5,2,1,1,2,4,3,3,0,3,1,0,1,2,4,5,5,4,0,0,3,2,3,4,0,5,4,3,2,3,0,1,0,3,0,2,3,0,5,0,1,3,2,1,2,2,2,2,2,1,2,3,0,3,2,1,4,3,0,5,3,4,3,5,1,1,5,4,0,0,4,3,2,3,1,4,5,4,null,0,0,5,5,1,3,5,5,0,2,5,3,1,4,0,2,2,3,2,4,3,2,5,1,2,5,0,2,5,0,2,4,5,3,2,5,0,1,0,1,3,3,0,3,0,2,1,3,3,5,1,2,0,4,4,3,5,2,3,2,5,3,null,3,1,5,4,4,5,0,5,5,1,4,4,1,4,3,0,4,0,3,1,3,2,2],
    [3,2,4,2,2,1,3,3,1,5,5,0,0,3,2,0,0,3,4,3,5,0,3,5,2,4,5,3,3,1,3,2,4,3,0,3,4,0,2,4,3,0,1,2,2,4,2,5,3,0,1,4,2,5,4,1,1,2,1,2,0,0,2,1,0,3,0,2,5,3,1,2,5,2,5,1,1,0,2,0,3,4,5,0,1,1,1,3,4,2,4,0,1,2,3,2,5,1,3,1,4,3,1,4,5,2,2,1,4,3,0,5,0,3,4,2,1,2,4,1,0,2,3,1,4,3,5,4,1,0,5,5,4,2,4,0,4,2,2,0,4,1,1,4,0,4,1,5,0,1,0,4,3,2,5,1,5,3,0,4,2,1,2,1,1,2,5,4,3,1,2,1,0,2,4,1,5,0,3,4,5,5,3,4,0,4,0,3,4,2,1,2,0,4,0,5,1,1,0,1,1,4,0,4,2,3,2,3,5,0,2,2,4,3,4,1,1,2,4,3,4,3,3,3,4,1,1,5,5,2,0,1,4,0,4,4,0,0,0,4,2,1,4,1,0,2,2,4,5,1],
    [5,0,4,0,4,1,3,5,5,3,2,2,0,1,2,3,0,1,1,3,4,4,0,0,2,2,5,4,2,1,5,1,0,3,3,3,5,2,0,2,0,0,5,1,1,5,0,2,0,5,2,1,2,0,2,3,3,4,0,0,4,3,0,3,null,3,null,1,2,4,4,1,4,0,1,4,3,1,3,2,0,0,2,3,1,5,3,5,3,0,4,5,0,5,0,2,2,4,null,2,4,5,3,4,3,0,5,0,4,5,0,2,5,3,1,4,5,5,3,1,4,3,2,5,5,3,4,1,5,5,2,null,1,4,1,2,4,5,4,4,4,3,3,0,2,0,0,4,4,0,4,null,4,2,2,5,1,4,0,0,2,1,3,1,1,0,2,1,3,3,0,2,1,1,3,1,5,4,1,3,4,2,4,4,2,2,0,1,4,0,1,0,3,0,3,3,2,4,0,1,4,0,4,3,1,4,0,4,2,2,2,2,2,5,2,2,3,5,2,4,2,1,5,5,4,1,2,0,4,0,2,1,2,5,4,3,1,1,0,1,3,3,3,5,4,2,5,0,4,3],
    [5,0,3,1,5,5,0,4,3,5,5,2,0,2,0,4,1,2,5,1,5,0,4,3,3,0,2,4,5,3,2,3,5,3,5,1,4,3,5,3,5,0,1,2,1,1,2,3,3,1,4,2,3,1,2,1,1,1,1,5,2,5,3,5,4,1,5,3,3,0,4,4,1,2,0,1,0,5,0,5,2,2,4,2,5,3,2,0,0,4,0,0,0,2,3,3,4,3,5,1,1,4,5,2,5,4,5,2,2,4,2,1,5,1,5,5,1,0,4,5,1,2,5,3,2,3,2,2,1,5,4,0,5,null,2,0,5,1,2,1,5,5,3,5,1,2,4,5,2,0,2,5,5,4,2,2,2,4,4,1,0,5,3,5,5,3,2,5,2,4,3,4,5,3,3,3,3,3,2,3,1,2,3,4,1,4,1,4,5,4,0,2,4,1,1,2,2,0,1,2,3,3,1,5,1,1,3,2,1,4,0,2,5,1,2,2,3,4,5,3,2,4,0,4,4,4,2,4,0,3,1,1,0,2,3,3,4,3,0,1,5,0,3,5,0,0,1,1,5,3],
    [0,2,5,0,5,1,2,2,5,3,0,2,5,5,0,1,2,1,4,4,4,3,5,1,5,0,5,5,0,0,0,2,5,0,2,0,1,5,3,0,2,4,0,5,1,2,2,5,1,5,0,4,5,3,1,5,2,0,2,3,1,0,2,3,2,1,2,1,1,2,4,0,0,3,3,1,5,0,2,2,2,5,4,5,1,4,3,1,4,3,5,5,2,3,5,2,3,0,3,0,2,2,4,1,4,4,4,5,0,4,0,5,1,5,1,0,4,2,1,0,0,0,5,5,0,2,2,4,5,5,3,3,3,2,1,4,4,4,1,4,3,3,3,0,3,2,3,4,2,2,1,3,5,1,1,3,1,0,4,2,3,2,5,1,0,2,4,0,1,5,2,2,5,0,0,1,1,5,0,4,0,3,4,1,0,3,4,3,2,3,1,5,4,2,4,4,1,2,5,0,5,4,1,5,5,3,3,0,1,5,1,1,1,1,1,2,5,0,0,0,1,0,3,2,5,3,2,2,1,1,4,3,5,0,5,2,0,5,0,4,5,2,null,4,5,1,2,4,0,5],
    [0,2,0,1,2,0,2,2,4,5,3,4,1,2,0,4,5,3,2,5,2,4,1,3,5,0,0,4,1,0,3,3,0,2,1,1,3,2,4,1,0,5,2,0,2,1,5,1,2,5,3,1,1,2,3,2,3,5,3,3,2,2,3,5,2,3,0,2,0,0,1,4,0,0,3,4,1,0,0,1,4,4,2,4,5,2,0,5,4,3,5,3,1,3,5,0,3,0,5,0,5,3,3,0,0,0,5,0,5,5,5,3,0,5,5,1,0,3,3,4,3,5,3,3,1,5,3,5,5,5,1,2,3,0,4,0,5,0,3,0,2,5,3,2,0,4,5,3,2,3,5,1,3,2,4,1,4,3,5,0,2,4,1,5,3,4,0,4,3,5,0,4,4,5,1,2,1,3,2,1,5,3,4,1,2,1,0,1,1,5,1,0,2,1,0,1,5,0,3,3,2,3,1,1,2,4,4,1,1,3,5,4,4,3,1,5,0,4,5,4,1,3,3,4,4,5,1,2,1,0,4,3,2,4,0,5,0,3,2,2,0,1,1,4,2,5,1,4,4,5],
    [5,0,1,1,1,0,0,5,3,1,5,5,0,0,0,4,4,3,1,5,4,2,4,3,1,0,4,0,3,0,0,1,3,2,1,5,2,5,0,1,2,3,4,0,5,0,1,0,2,3,1,5,2,1,0,4,2,5,3,4,4,4,5,0,1,4,5,4,2,4,2,1,4,4,5,0,1,4,3,2,0,0,0,5,5,0,2,3,5,5,4,1,5,3,1,4,2,1,0,1,1,2,0,1,3,1,0,1,5,5,4,0,1,4,5,1,4,3,3,2,3,4,3,3,3,4,4,0,2,null,0,1,5,2,0,3,1,3,1,3,5,4,5,1,1,5,3,0,4,5,0,2,4,4,2,1,5,3,1,5,4,0,2,5,5,5,1,5,0,4,4,0,1,1,3,3,4,4,5,0,0,5,5,3,2,2,2,5,0,0,5,4,0,1,2,0,5,2,3,0,0,5,2,5,1,1,3,1,0,2,0,1,4,3,4,5,3,5,5,null,4,0,0,5,0,0,3,3,1,3,5,3,3,1,1,4,1,1,2,1,4,4,2,3,1,1,1,0,4,4],
    [5,0,1,4,2,1,3,4,1,2,5,5,1,0,3,3,4,2,4,4,2,4,1,0,1,4,3,0,2,3,5,3,2,1,2,5,2,4,3,4,3,4,0,1,1,3,0,1,3,2,0,5,4,2,1,0,2,3,1,4,1,5,2,0,1,0,4,0,2,5,4,4,5,2,3,2,5,0,3,4,2,3,3,1,0,0,2,3,4,5,2,5,3,4,3,5,4,4,0,1,4,0,0,4,1,1,0,4,2,2,4,0,0,5,3,0,4,1,3,5,0,1,2,2,5,3,3,0,4,5,4,5,5,1,0,2,1,4,0,1,2,1,3,2,2,5,3,1,1,5,1,3,3,4,1,3,0,4,0,2,3,2,3,4,3,1,2,2,4,1,3,2,2,1,0,1,3,4,4,3,5,5,1,5,5,5,5,5,3,4,4,3,2,3,1,3,5,4,4,0,0,0,2,5,3,3,4,1,3,4,1,3,3,4,0,3,1,4,2,1,2,5,2,5,3,4,3,5,3,1,0,4,2,1,4,5,1,5,2,0,5,4,4,4,1,1,0,3,3,4],
    [4,null,4,0,4,5,1,5,4,1,3,3,1,3,3,null,4,5,0,4,3,4,4,3,1,4,2,1,3,2,5,1,1,2,3,4,5,5,2,3,1,4,5,2,0,4,1,4,2,2,5,0,2,4,5,0,5,2,1,1,1,1,2,1,5,2,1,1,1,4,null,5,2,3,0,0,3,1,2,5,0,1,0,1,1,3,4,2,3,5,1,5,2,1,4,0,3,0,1,0,3,0,2,2,1,1,1,3,0,5,0,1,2,3,2,1,4,3,0,2,5,2,0,2,1,2,2,1,3,null,5,1,4,0,5,3,1,5,2,1,1,1,3,5,1,4,4,3,5,2,4,2,1,3,3,1,4,2,1,0,0,5,0,3,1,1,4,1,3,3,5,2,0,4,4,4,0,0,4,5,2,4,0,1,2,5,5,2,5,0,2,5,5,5,5,2,5,1,5,4,0,5,5,5,0,0,1,4,0,0,3,0,0,3,1,1,4,3,5,2,1,1,3,3,2,1,4,4,4,0,0,1,5,5,5,2,4,0,5,4,0,3,4,1,0,4,2,0,2,4],
    [3,4,1,5,1,1,1,3,1,3,3,4,5,2,4,5,5,4,5,3,3,0,0,5,0,1,1,2,0,0,0,0,5,2,4,1,0,1,3,4,1,3,1,0,3,4,4,5,0,2,3,4,2,1,5,3,4,0,0,0,1,3,0,0,4,2,1,1,3,4,4,3,0,1,0,0,3,3,3,3,4,3,1,3,2,2,5,1,4,0,3,0,3,5,4,0,4,5,3,1,3,3,5,5,2,4,1,1,2,4,4,3,5,1,2,1,3,0,5,0,5,1,2,1,5,5,1,0,5,2,2,2,1,4,2,2,0,4,5,2,2,0,0,3,2,4,3,5,0,0,0,3,0,0,5,0,5,4,0,3,0,1,1,3,3,4,0,2,1,1,5,5,4,2,0,4,3,3,5,5,1,0,5,1,null,3,1,2,4,2,2,3,3,5,5,4,3,5,3,0,1,0,3,1,4,2,4,0,5,0,4,1,3,5,0,0,3,2,2,4,3,4,3,0,5,null,3,4,0,2,1,4,1,null,1,2,4,4,0,4,5,3,4,3,2,4,5,1,1,1],
    [0,4,1,1,0,3,2,5,3,0,4,0,3,5,3,4,5,1,3,1,1,4,0,1,3,5,4,2,0,2,4,0,1,4,0,0,1,4,2,5,3,1,0,4,5,2,4,1,1,2,1,5,4,4,0,4,1,0,3,3,1,3,3,4,2,3,5,5,0,0,5,1,1,0,1,1,2,3,0,1,1,2,3,0,2,1,1,1,4,0,0,5,0,0,1,1,5,4,2,2,4,4,3,null,1,4,1,2,1,1,4,5,1,2,2,3,3,5,3,2,1,4,4,1,1,1,2,1,1,0,2,5,4,0,0,2,1,0,4,5,3,4,4,2,5,4,1,3,5,0,3,1,1,2,0,0,3,2,3,3,1,2,0,5,2,2,0,3,0,4,4,4,1,5,2,3,4,5,4,5,4,0,2,5,3,3,3,5,0,3,2,3,0,5,2,0,5,0,0,4,5,3,1,5,3,1,3,5,5,1,2,0,0,5,5,1,2,2,2,1,4,1,0,0,5,4,1,1,3,5,4,0,5,null,1,0,4,0,3,5,2,4,4,4,4,3,0,4,4,2],
    [4,4,0,4,1,4,null,2,4,2,3,3,2,4,5,1,0,0,5,4,0,5,3,4,1,3,4,4,2,null,2,0,5,1,2,1,3,4,0,2,4,4,2,0,1,2,1,4,3,2,4,null,3,0,1,1,0,4,5,1,3,0,0,2,2,2,2,5,4,0,2,0,4,0,2,2,1,3,0,5,2,4,2,2,2,1,3,0,2,4,2,0,4,3,0,4,3,4,1,0,2,4,0,3,3,3,3,2,0,2,5,5,0,4,0,3,1,3,null,4,1,4,5,1,1,4,1,4,1,5,0,2,5,4,1,0,1,5,0,2,5,5,2,5,4,1,4,4,4,1,1,1,3,4,3,2,4,0,4,4,2,4,4,5,5,5,0,4,5,5,5,2,1,3,5,0,5,3,0,null,2,5,3,0,2,4,0,0,0,3,4,5,1,2,3,0,4,5,3,1,1,3,3,1,4,0,1,1,3,3,0,2,1,1,2,5,5,2,0,2,4,5,0,2,3,4,4,3,4,4,4,2,2,3,5,4,4,3,5,2,2,4,4,0,2,0,3,3,1,2],
    [5,3,1,0,3,3,5,4,1,0,0,0,3,5,0,0,null,0,2,3,4,1,1,2,4,3,0,2,4,3,4,3,5,5,2,2,0,0,5,0,4,3,5,2,4,0,5,4,0,2,4,4,5,2,5,3,5,2,2,2,3,1,3,1,4,1,5,2,3,0,4,3,5,1,2,3,5,4,1,5,1,4,2,2,2,0,5,3,4,3,4,1,5,1,3,3,2,4,0,5,1,2,2,0,1,5,4,3,0,2,4,0,2,0,1,1,1,1,0,4,4,3,2,0,5,0,1,4,3,1,4,4,4,1,1,5,4,1,5,5,0,5,3,5,1,4,5,3,0,0,3,2,0,2,3,3,2,3,1,5,5,5,4,4,4,3,1,4,3,1,1,3,4,4,4,4,3,4,0,4,1,1,2,5,5,2,5,5,0,0,0,0,1,2,0,4,5,0,null,0,0,1,1,0,2,3,0,3,0,1,1,0,1,1,1,2,4,1,4,4,5,2,5,5,0,0,3,3,0,5,5,2,4,0,5,4,2,2,1,1,1,5,2,5,2,0,4,3,4,0],
    [3,1,3,3,5,3,1,4,1,2,2,2,5,5,0,1,2,5,0,0,4,5,0,5,0,3,0,2,2,4,2,3,4,1,2,3,2,5,0,2,5,1,3,5,4,0,5,0,3,2,1,4,3,1,2,2,3,0,2,5,3,0,1,2,1,4,3,3,1,0,4,4,0,0,1,0,1,5,1,4,3,3,3,4,4,3,4,2,3,1,1,2,2,5,2,1,1,2,1,0,null,5,0,3,4,1,3,3,4,4,3,0,2,2,0,2,4,0,4,1,4,0,3,3,1,1,4,2,2,3,1,2,5,0,1,2,3,0,1,4,4,0,1,5,2,5,5,5,1,0,3,3,0,5,1,4,4,3,2,5,4,1,3,4,2,0,3,0,1,3,4,3,3,4,5,5,5,5,4,2,0,3,3,1,0,4,2,1,2,4,5,2,1,0,1,4,1,4,2,1,0,3,3,2,1,null,5,3,2,5,0,3,3,5,4,0,4,3,4,1,3,2,3,5,4,0,4,5,3,2,5,1,4,3,5,5,5,1,3,1,2,4,5,1,5,5,0,0,2,1],
    [0,3,0,4,3,1,5,3,5,0,5,2,4,1,3,2,4,1,4,2,2,0,1,2,3,0,3,0,4,1,2,2,5,4,5,1,2,1,2,5,1,4,3,3,2,5,0,4,4,1,4,2,1,0,4,2,3,2,5,0,2,5,4,3,5,2,5,4,3,1,4,3,2,2,3,3,3,0,1,2,0,3,4,1,1,0,0,0,null,4,3,5,2,4,2,5,2,2,3,5,3,4,4,4,4,0,4,5,0,5,3,5,0,1,4,5,2,2,0,1,1,5,4,0,4,0,2,5,1,3,3,4,1,5,2,3,1,0,5,5,2,5,3,2,4,4,1,2,4,4,1,4,3,0,0,2,4,4,0,5,1,5,4,3,3,1,null,4,1,4,5,2,1,2,1,1,3,5,1,2,3,2,3,3,0,5,3,2,2,0,2,1,4,3,4,0,2,5,5,1,5,2,1,3,1,4,4,4,3,5,2,3,4,4,4,4,4,4,1,5,5,3,3,1,1,4,2,0,2,4,1,1,3,1,3,1,null,4,2,2,4,2,3,null,1,1,4,0,3,4],
    [0,2,1,0,1,2,3,2,5,0,0,4,2,2,4,2,4,1,5,3,5,5,0,4,4,5,2,5,3,5,4,1,4,1,0,0,0,4,5,4,4,5,0,0,1,5,5,5,1,3,3,3,1,5,0,2,3,4,3,5,1,5,0,0,2,1,4,5,3,1,0,3,4,0,3,5,1,3,0,1,2,2,3,2,2,5,2,5,3,5,0,1,0,5,2,0,1,5,0,3,2,4,0,3,5,2,0,3,1,2,3,4,2,1,3,3,3,5,3,2,5,1,0,1,0,4,2,5,3,2,2,1,1,1,0,3,3,0,1,0,2,1,3,3,4,5,2,4,3,2,0,0,2,0,2,5,2,3,3,4,5,2,1,5,1,5,2,3,4,4,5,0,0,3,1,2,5,1,1,3,4,0,3,0,1,3,5,3,1,3,2,2,5,1,4,1,1,1,5,2,3,0,1,5,4,2,2,0,3,5,0,1,1,0,1,4,1,4,4,5,2,5,4,4,0,0,0,1,0,1,3,5,0,3,4,1,5,4,5,4,5,2,2,3,1,1,5,4,5,3],
    [2,4,5,0,0,1,3,4,3,1,4,5,3,0,1,0,4,4,5,3,4,4,5,5,5,4,1,5,1,3,2,5,4,0,3,1,2,0,4,3,1,2,2,1,3,4,1,2,1,2,0,2,4,null,1,5,1,2,4,0,0,5,5,5,3,5,0,1,0,1,0,5,3,5,4,1,0,5,4,1,3,1,2,3,3,2,1,2,0,5,4,4,5,0,3,1,0,3,0,1,5,2,5,3,1,3,5,1,0,2,4,5,3,2,5,4,1,3,3,5,5,1,3,5,3,5,5,2,3,0,0,2,2,3,3,1,4,3,3,4,3,4,3,2,1,5,2,4,3,2,null,2,2,2,1,5,0,3,4,5,2,3,0,2,0,3,5,0,4,1,0,5,3,2,4,3,5,2,4,2,5,3,3,2,5,4,3,4,1,4,0,2,4,0,0,4,1,3,1,1,0,3,1,4,3,3,3,2,5,3,5,3,3,1,2,4,3,5,4,0,2,2,2,2,1,3,4,1,1,1,0,5,2,2,3,0,3,5,4,4,3,3,4,2,4,2,0,4,1,5],
    [2,4,2,2,2,2,3,3,2,1,0,5,3,0,3,3,0,0,0,5,1,5,4,3,null,1,2,4,3,4,0,4,3,0,1,1,0,3,4,5,3,5,2,0,1,2,2,3,4,4,4,0,5,1,3,3,3,1,3,1,3,3,0,3,5,1,4,4,5,4,5,1,0,5,5,2,3,3,2,0,0,4,2,0,0,0,3,3,3,3,0,1,0,3,4,2,4,0,1,0,3,1,5,4,3,5,1,1,0,4,1,5,3,4,1,1,2,5,5,5,0,3,2,4,4,2,1,3,2,2,3,4,4,2,4,4,4,3,4,1,3,2,0,0,3,1,3,4,2,3,1,1,2,0,4,2,5,1,5,0,4,5,0,1,0,0,4,5,3,2,5,0,1,3,2,0,2,5,5,3,5,2,1,5,5,4,0,4,4,2,4,4,1,3,0,5,3,0,5,null,3,5,5,3,2,1,3,4,5,4,4,1,4,4,5,2,2,4,4,0,3,0,4,2,5,5,3,3,4,2,0,2,3,0,1,0,1,3,1,0,3,3,5,2,1,2,4,3,3,3],
    [0,2,2,3,1,1,2,4,3,2,0,3,3,1,4,0,0,1,1,5,2,3,1,0,5,0,0,5,4,5,2,4,5,3,5,1,2,5,3,0,0,4,2,1,4,5,1,0,2,2,0,1,3,null,3,2,4,3,5,3,2,4,3,3,2,0,3,0,2,5,0,0,2,1,3,2,1,4,3,1,2,0,1,0,1,2,2,2,4,3,4,3,5,1,5,1,1,0,2,4,3,3,5,0,1,1,4,2,1,5,3,4,5,2,5,2,0,3,3,2,4,3,3,1,2,1,2,1,0,0,3,0,3,2,4,1,3,2,3,3,2,5,3,1,2,2,0,2,1,1,3,2,2,2,5,0,5,5,2,3,0,2,5,4,3,2,1,1,1,1,4,2,3,5,5,3,5,0,5,0,1,1,4,3,0,5,3,1,5,2,5,1,1,2,1,2,0,1,0,5,0,1,5,0,2,5,2,1,0,0,4,3,null,3,3,1,3,0,1,2,4,0,5,1,5,5,1,3,3,4,4,1,5,2,2,5,1,2,5,1,4,5,5,1,5,3,3,3,0,4],
    [0,4,1,5,0,3,0,0,5,0,0,3,4,1,2,4,0,4,3,2,1,0,1,1,5,5,5,2,3,5,1,5,4,2,3,5,4,1,5,2,3,1,2,5,5,3,0,2,0,5,4,2,1,2,4,5,5,4,4,5,2,2,3,0,4,1,2,0,0,2,4,4,5,0,5,5,3,2,3,3,1,1,1,2,1,2,4,2,1,1,1,2,4,1,2,0,5,1,2,1,4,2,2,0,1,null,4,4,5,3,3,3,1,0,3,1,0,4,5,3,3,0,0,5,2,2,5,2,5,4,1,1,1,4,5,3,0,5,5,1,4,2,0,4,null,1,3,3,0,3,0,0,0,1,1,5,1,3,2,0,1,3,0,2,1,2,1,1,4,1,2,4,5,1,1,1,2,5,4,4,2,3,0,0,4,1,4,2,0,2,0,0,5,5,5,3,3,3,2,3,0,1,2,1,5,4,4,2,1,3,0,3,3,0,0,0,0,1,1,1,3,4,1,5,2,1,4,2,1,4,1,3,2,2,4,4,3,0,2,1,5,5,4,3,1,1,2,2,5,1],
    [2,5,2,5,5,5,1,5,4,4,5,0,1,3,0,4,0,4,1,5,3,1,5,3,2,3,5,5,3,1,null,1,3,5,5,0,2,2,3,0,0,2,2,4,3,5,3,4,3,3,0,2,5,2,0,1,0,3,1,5,5,2,5,2,5,3,4,0,1,5,1,4,1,5,5,5,2,3,2,4,0,null,3,3,5,0,3,2,4,1,4,3,3,1,1,3,5,3,2,4,1,4,5,0,0,3,0,1,3,2,2,1,null,2,5,2,0,0,2,3,1,3,5,4,3,2,3,5,2,0,4,5,1,5,2,2,2,1,1,3,0,1,1,0,1,1,1,5,3,0,3,3,0,5,4,3,0,0,1,3,null,0,2,1,0,2,3,4,2,null,5,4,4,5,4,2,0,3,3,4,4,1,4,4,0,1,3,0,5,4,2,1,2,2,0,4,4,1,1,0,0,5,5,1,0,5,0,1,5,3,0,0,0,5,1,4,5,3,4,5,3,2,3,1,3,0,4,4,1,3,3,3,3,1,4,5,3,2,1,3,4,5,5,5,4,2,2,2,4,2],
    [4,5,0,2,0,0,3,5,0,4,5,1,2,3,1,3,3,5,1,3,3,4,3,3,5,1,2,4,4,4,0,2,4,1,0,3,2,4,4,4,2,4,2,2,3,3,2,5,0,4,5,1,4,2,0,5,5,4,3,1,5,0,5,5,2,0,0,1,1,4,3,4,4,2,4,2,0,2,5,1,0,3,3,0,0,3,3,3,5,1,1,2,0,0,5,4,0,3,5,5,3,4,1,4,1,3,3,2,3,1,3,0,2,1,5,5,0,0,3,2,2,2,4,2,4,4,2,4,2,3,3,2,5,5,3,5,4,2,1,0,4,2,4,2,5,0,3,0,3,1,2,2,4,2,3,2,2,2,1,1,4,3,4,2,5,0,2,5,5,1,3,1,5,4,3,5,1,0,3,2,4,2,0,5,2,5,0,5,0,2,0,0,0,1,4,5,0,4,2,2,5,0,4,4,4,2,3,4,4,1,2,3,0,2,4,0,1,4,5,0,0,3,0,0,1,4,4,1,3,0,0,0,2,5,3,0,2,2,4,0,3,0,0,0,3,2,2,5,0,4],
    [2,5,5,0,1,3,1,3,2,1,1,0,1,1,3,4,1,4,4,3,3,2,0,3,4,5,5,3,2,2,4,1,4,2,2,5,5,4,5,4,4,2,4,0,3,4,4,3,1,2,5,4,1,5,3,4,2,0,3,1,1,5,2,0,0,1,5,4,1,2,1,0,3,5,0,0,4,2,0,1,5,2,2,1,5,3,1,4,5,5,0,2,4,5,4,0,3,0,4,3,4,1,2,3,2,5,1,1,1,4,3,null,1,3,5,0,4,3,1,3,1,2,4,5,5,1,1,4,4,4,3,0,5,null,0,1,2,1,1,5,1,0,3,2,5,5,3,4,4,4,1,2,3,3,2,2,0,4,2,1,1,2,3,2,1,5,3,4,1,0,3,1,2,5,0,2,5,2,3,1,1,0,3,2,0,2,4,1,1,0,4,2,4,5,0,0,0,5,1,1,3,4,5,3,2,4,1,0,2,1,2,0,5,0,4,0,0,5,3,3,2,5,2,4,3,4,0,3,3,5,3,4,5,0,5,0,0,1,2,5,null,2,3,2,1,2,2,3,4,2],
    [3,1,2,0,5,4,3,3,1,1,0,5,1,0,null,0,2,0,4,4,null,1,0,5,3,4,2,0,4,4,3,0,4,0,0,3,2,2,2,3,1,0,1,5,4,2,0,1,0,4,null,5,5,1,2,2,2,4,0,4,1,0,0,0,5,5,3,1,0,5,5,0,2,1,1,5,3,0,0,1,2,5,4,3,0,2,0,5,1,5,2,0,0,0,5,0,4,1,2,0,4,5,1,1,1,1,3,0,3,2,3,1,2,4,2,3,0,5,1,3,1,0,0,0,2,2,4,1,4,2,1,0,0,0,1,5,4,2,2,2,2,1,5,4,0,4,2,5,3,3,0,0,1,1,0,1,2,4,2,4,0,2,0,0,5,1,4,1,0,2,3,1,0,3,1,1,4,1,4,1,3,3,4,4,4,3,0,5,5,2,5,2,3,4,1,1,2,1,2,4,1,0,4,3,2,0,1,2,1,4,3,4,4,null,0,3,3,5,5,3,2,3,3,0,2,0,2,2,2,4,0,0,2,4,0,4,4,1,1,0,3,3,0,1,5,2,4,5,2,null],
    [3,1,1,0,5,2,3,3,2,5,3,3,4,0,1,1,5,5,4,1,4,4,3,5,1,3,0,4,0,5,2,1,1,1,0,3,4,5,0,5,2,2,4,2,2,2,4,0,5,0,2,5,2,4,3,1,2,3,1,2,3,0,2,0,1,5,1,4,3,0,4,1,3,0,2,3,5,3,2,1,4,3,4,0,3,1,1,0,1,5,1,1,2,5,0,0,0,5,3,3,4,0,1,3,0,0,3,1,0,2,1,3,1,3,3,5,0,5,0,3,5,4,0,1,5,4,5,4,3,1,2,5,1,3,3,1,5,3,1,0,5,4,4,5,1,3,4,0,2,4,0,3,3,4,4,3,4,3,5,0,1,2,4,1,2,1,5,1,3,5,0,5,4,4,1,1,2,1,0,1,4,0,2,0,0,3,2,0,1,2,2,2,3,0,1,5,5,3,3,3,3,1,5,4,1,3,2,4,0,0,2,0,1,1,1,2,5,5,4,3,2,5,4,4,3,0,5,1,3,4,1,2,1,2,5,3,5,0,2,1,1,4,4,4,5,5,5,2,0,4],
    [3,1,2,4,5,5,1,0,0,0,5,5,1,4,5,2,4,1,5,4,0,5,3,5,2,2,0,2,2,5,0,1,0,3,0,4,1,5,2,2,5,0,3,2,2,2,4,0,3,4,4,4,0,4,2,4,4,5,5,2,2,1,2,2,4,3,0,3,0,3,0,0,1,0,3,5,3,3,3,2,5,2,4,1,0,1,0,3,0,0,2,4,4,4,0,3,2,1,0,4,0,1,4,5,1,4,2,1,3,2,4,4,3,3,3,3,0,4,4,0,0,3,1,2,3,5,4,0,4,3,0,3,4,5,3,0,0,5,2,1,3,4,2,3,0,4,0,1,1,1,5,3,5,0,3,4,0,0,2,0,1,3,4,4,5,1,0,1,4,5,3,5,2,3,1,3,5,1,2,4,4,1,0,4,4,5,2,4,4,5,4,4,1,5,5,5,4,2,2,3,3,0,1,4,5,3,2,2,3,4,5,1,5,5,5,5,3,null,0,4,4,2,3,0,0,4,1,1,5,2,4,0,4,4,2,4,0,2,5,5,1,4,4,4,1,5,0,0,5,5],
    [3,1,3,5,2,5,4,2,0,5,0,4,5,2,4,1,5,2,4,3,2,2,5,1,5,0,0,3,0,2,2,4,4,5,1,3,5,3,0,4,5,1,5,1,2,5,2,5,4,0,0,2,1,0,4,2,3,2,3,2,2,1,null,2,1,3,4,3,3,0,1,3,2,0,2,4,2,1,5,4,3,1,5,4,3,3,1,0,4,1,4,0,0,5,0,0,0,5,4,0,4,1,5,3,2,5,0,0,0,1,0,2,3,5,5,2,3,2,2,0,1,1,1,0,3,0,1,0,4,3,5,4,3,2,1,0,5,1,1,3,2,5,5,5,5,0,5,3,2,2,3,2,2,1,0,3,1,3,4,3,5,0,2,5,4,0,4,3,5,3,2,3,null,2,4,0,3,5,4,1,2,5,2,3,5,1,5,5,0,4,4,5,4,0,2,5,0,4,2,0,3,0,3,1,4,1,2,3,4,1,0,3,5,4,3,5,2,5,5,3,1,0,0,4,1,4,3,2,3,null,4,4,5,2,null,3,3,1,0,1,4,5,4,2,0,1,4,3,4,1],
    [5,2,0,1,4,0,1,0,1,1,5,4,4,3,5,1,3,5,4,5,0,5,1,0,1,1,4,4,4,5,2,4,3,0,0,null,3,3,3,2,3,1,4,1,3,3,3,2,1,0,0,3,1,4,0,2,0,3,4,3,5,5,3,1,0,4,1,3,3,5,4,0,4,3,0,5,3,0,2,1,2,5,5,2,3,0,0,3,5,1,1,2,5,3,1,3,4,3,5,5,3,3,5,1,3,5,1,3,5,3,0,2,2,5,5,4,0,5,5,1,2,0,0,3,0,1,5,1,0,2,2,1,1,5,2,5,0,4,2,1,4,0,2,5,0,3,3,0,0,1,3,3,5,0,3,5,0,0,3,0,0,4,1,2,4,2,0,0,3,4,3,5,5,5,0,0,4,1,1,5,4,3,3,2,0,5,0,1,5,0,4,3,2,1,5,3,5,0,5,0,1,2,3,3,2,3,1,2,3,5,3,0,5,0,4,3,2,3,3,2,5,3,0,1,4,1,4,3,null,1,3,0,0,0,3,1,3,1,2,1,2,2,1,5,0,5,2,3,2,3],
    [1,0,2,1,1,5,0,0,2,3,3,1,1,3,5,1,2,5,3,0,4,5,4,4,1,0,4,3,4,1,0,2,2,4,2,1,1,1,1,0,4,1,5,3,0,1,3,4,0,2,4,0,3,0,1,5,2,5,4,3,0,4,5,5,3,0,5,1,5,1,3,2,null,2,1,null,0,1,1,0,1,5,0,1,3,0,0,5,1,1,1,2,3,1,2,0,5,0,4,3,3,null,5,4,2,5,3,4,0,2,5,2,4,5,1,4,1,3,4,2,3,0,4,0,5,4,4,5,0,4,3,3,5,0,0,2,4,4,5,4,2,1,0,3,2,1,1,0,5,4,3,0,5,0,1,5,3,3,3,0,2,3,2,4,3,2,3,3,4,2,0,2,3,1,0,2,4,3,3,3,0,0,2,1,4,1,1,2,0,3,5,1,1,2,0,4,null,5,4,4,1,5,5,2,4,4,0,5,5,2,5,4,1,1,5,0,2,4,2,5,2,3,1,1,3,5,2,0,0,3,0,0,4,3,0,3,0,1,5,4,5,0,0,2,0,1,4,null,5,4],
    [3,1,2,2,0,2,2,1,0,4,1,1,3,5,4,3,3,2,4,3,0,0,2,5,0,3,3,4,3,2,4,5,2,5,0,1,4,5,4,4,0,4,3,0,null,0,2,null,4,2,3,0,null,5,5,2,3,3,3,0,3,5,3,3,3,4,3,5,5,0,2,0,0,5,4,5,0,3,1,0,5,5,4,5,0,4,0,5,2,2,2,2,4,3,1,5,4,0,0,2,5,2,3,1,1,1,2,5,0,1,1,4,3,2,5,2,4,5,3,5,3,5,4,4,1,5,3,1,2,1,0,4,0,4,5,1,0,4,0,5,3,2,0,5,5,0,0,0,2,1,2,5,1,1,0,2,1,1,4,0,5,1,3,1,3,5,1,5,4,4,1,4,0,3,0,2,2,0,5,5,0,2,3,0,4,5,2,1,0,0,3,1,0,3,5,3,5,3,0,3,3,1,0,4,0,1,5,5,2,1,1,1,4,0,1,4,5,5,4,3,3,3,3,0,3,1,1,2,2,2,5,0,1,2,3,1,3,5,2,2,5,5,1,5,4,2,3,4,0,0],
    [4,3,3,3,0,4,4,5,4,1,3,4,5,5,2,2,3,2,0,1,0,1,1,5,2,3,0,3,5,0,3,2,0,4,5,2,0,4,5,3,1,3,2,5,2,2,1,5,0,0,1,2,1,1,3,2,3,0,1,5,5,2,1,2,0,4,4,3,1,2,2,2,5,4,5,4,1,0,2,null,4,0,3,0,3,4,1,0,1,3,3,2,3,1,5,3,2,0,4,0,1,4,1,0,5,1,4,1,0,null,5,4,0,5,3,2,2,3,0,0,5,2,1,5,4,2,4,2,2,2,4,2,1,5,3,5,5,0,2,1,4,5,null,3,1,4,1,1,5,3,0,5,0,3,5,4,5,3,1,0,5,1,0,1,0,2,0,null,4,5,1,1,4,2,0,1,5,2,0,2,4,2,4,3,3,1,1,4,5,4,5,5,0,1,2,3,0,1,2,4,2,3,3,1,4,3,4,2,4,5,0,1,0,2,3,0,1,3,5,2,null,4,4,3,5,1,4,1,0,1,4,1,1,2,2,3,1,5,4,3,4,2,2,4,3,1,1,4,0,2],
    [2,2,3,2,5,0,4,2,3,1,5,0,null,1,3,3,3,5,0,5,2,2,5,5,5,1,1,3,0,5,2,5,3,1,5,3,5,2,4,1,2,3,5,1,2,1,4,1,2,0,1,0,1,2,3,4,5,0,0,4,3,1,0,3,1,1,5,0,0,1,0,2,2,4,4,3,2,0,3,5,2,0,0,2,1,2,0,4,3,3,2,3,5,2,0,3,1,0,5,1,5,4,0,2,0,3,2,3,1,3,0,2,0,5,5,null,4,3,0,1,2,3,1,5,5,4,1,1,1,4,4,null,5,2,4,2,4,1,4,1,5,5,2,5,5,0,1,2,5,1,3,0,3,3,0,3,1,2,null,0,2,1,4,1,3,5,4,0,1,3,3,3,1,0,5,4,0,3,1,3,3,0,5,1,5,1,2,1,5,3,3,1,5,0,5,0,4,5,1,1,0,5,2,1,3,3,3,3,1,1,0,5,3,5,2,5,4,3,0,2,0,null,5,4,3,1,5,0,5,2,2,1,3,1,5,5,3,2,5,3,1,2,1,5,3,0,5,3,4,5],
    [3,3,4,3,1,3,0,5,5,4,5,2,0,2,4,2,4,5,2,1,1,2,4,3,5,5,4,0,3,3,1,3,3,4,0,5,5,4,4,2,1,3,0,0,0,0,0,5,5,3,4,1,0,2,5,3,5,3,3,3,2,4,5,2,2,3,1,4,4,1,2,3,2,1,4,4,0,5,5,4,5,5,5,1,3,4,1,3,0,5,2,0,4,3,2,3,0,5,2,1,1,1,3,4,5,1,2,0,1,3,1,4,0,1,4,2,4,5,4,2,2,2,5,0,3,5,4,3,2,4,0,5,1,2,3,2,1,4,1,0,5,1,0,3,1,5,0,2,3,1,4,2,1,1,5,0,4,2,1,2,2,2,4,2,4,3,0,5,4,4,1,2,3,3,3,3,4,4,1,2,0,1,2,0,5,2,2,4,1,0,0,4,4,1,1,4,0,0,5,2,0,5,0,5,4,3,0,5,1,0,0,4,3,5,3,1,5,2,1,5,4,2,5,1,5,0,4,3,1,2,1,4,2,2,0,3,3,5,2,2,4,1,1,4,2,5,4,4,2,1],
    [3,4,3,1,0,5,5,1,4,1,2,5,1,1,4,0,5,1,1,0,1,2,1,3,0,5,1,1,1,4,2,4,1,5,5,2,2,1,5,4,5,2,3,1,2,5,5,0,5,4,3,5,5,3,3,5,5,3,4,4,4,1,2,5,5,5,1,4,4,2,4,4,4,1,3,0,2,4,4,5,3,0,5,2,3,4,2,1,1,0,2,4,5,4,1,3,0,0,3,1,2,1,0,4,4,5,2,1,null,0,2,1,3,2,2,0,5,2,1,2,4,3,4,0,3,3,5,2,4,3,4,5,4,3,2,5,0,0,5,0,0,1,1,2,2,1,0,4,4,2,5,1,2,4,4,1,4,5,0,4,5,5,4,0,4,1,3,2,0,1,2,2,2,3,5,4,4,0,5,4,0,4,2,4,1,3,0,2,4,4,1,5,1,0,2,1,3,5,2,0,5,null,5,2,5,1,0,2,1,5,3,4,2,0,5,2,1,5,1,0,1,0,1,1,null,0,null,0,2,1,2,1,3,0,3,0,2,5,0,3,5,1,3,5,1,4,4,0,1,0],
    [2,4,4,2,0,4,5,2,0,3,5,0,4,5,4,5,4,5,3,1,4,5,4,2,2,0,5,5,1,5,2,5,5,0,5,2,2,5,5,2,0,0,4,2,2,2,1,3,0,2,4,3,0,2,2,1,5,2,3,0,4,2,3,4,null,4,1,0,4,1,2,0,0,3,2,0,4,1,3,2,2,3,3,2,null,3,2,4,2,1,1,0,3,null,0,5,5,1,2,5,3,3,0,5,3,0,1,1,5,3,3,1,5,5,0,2,3,5,5,1,4,2,4,0,4,5,1,4,5,5,1,2,3,0,0,0,2,5,4,0,2,3,1,5,2,3,3,1,4,0,1,5,0,5,5,0,2,2,0,2,2,4,2,0,2,4,1,0,1,2,2,3,3,0,3,0,0,2,0,1,5,0,0,0,4,2,5,1,2,4,3,1,2,3,1,4,2,0,0,4,null,1,2,1,4,4,3,4,3,5,1,0,3,4,2,3,0,4,0,1,0,4,3,5,1,1,0,5,0,0,4,2,4,4,3,1,5,3,3,4,1,0,4,2,1,5,4,4,2,2],
    [2,4,0,4,2,2,2,0,0,0,2,5,3,5,2,3,4,4,0,0,1,0,0,2,1,1,4,4,3,3,4,0,0,5,2,1,5,3,0,4,5,4,2,0,2,1,4,4,5,3,4,5,4,1,3,2,4,1,3,4,0,3,0,3,2,3,2,4,0,4,3,1,5,4,4,0,3,2,1,2,0,1,5,3,4,4,1,4,5,3,5,4,0,3,1,0,4,5,2,2,5,4,3,3,5,3,3,3,0,2,3,1,null,2,5,2,0,0,5,5,3,1,5,2,0,1,3,5,2,3,2,2,1,null,2,null,3,1,1,3,4,4,4,0,3,2,5,0,0,4,1,5,3,1,5,0,2,3,5,2,0,3,1,3,3,0,4,3,0,4,4,4,5,0,3,5,2,0,5,3,2,0,3,0,5,null,1,0,1,4,0,3,null,3,2,3,2,4,5,3,4,1,2,2,1,3,2,0,4,3,2,1,4,0,3,4,4,0,3,0,4,4,5,4,4,5,1,1,4,3,4,3,5,3,2,4,4,1,2,3,3,0,4,5,4,2,1,2,3,2],
    [3,5,0,0,1,4,4,5,1,0,2,0,5,2,0,4,4,null,3,0,5,5,2,4,4,2,1,3,0,3,1,2,3,4,1,4,0,1,4,0,2,1,5,2,5,4,5,0,2,0,2,5,0,1,0,4,3,4,3,3,3,0,4,5,5,3,2,0,3,1,0,0,4,4,3,5,5,2,2,3,1,4,0,1,2,1,0,5,null,3,2,5,0,5,2,2,1,5,1,2,5,2,5,0,4,4,1,1,0,5,5,3,3,4,0,2,0,4,3,5,1,1,4,5,4,3,2,5,0,5,0,1,2,3,3,1,1,5,2,5,3,1,1,1,5,0,0,2,0,5,5,1,2,4,4,1,2,5,2,0,3,2,5,5,1,2,1,2,0,3,2,2,5,3,5,3,4,0,3,2,5,0,0,2,1,0,3,4,3,1,4,4,0,5,2,0,0,5,0,4,3,1,5,0,4,null,1,2,3,2,5,4,1,5,2,2,4,2,5,3,3,1,2,4,5,3,2,3,1,0,2,5,1,1,4,3,0,2,5,0,5,4,4,4,5,4,1,5,0,4],
    [0,1,5,2,0,4,2,4,2,3,5,3,5,3,0,5,5,2,3,3,4,3,2,5,1,2,0,1,5,5,4,2,1,4,1,2,3,5,5,0,3,5,2,4,3,1,3,2,5,2,1,4,2,4,2,0,2,1,5,2,5,5,2,1,3,0,0,5,5,4,3,1,4,1,5,1,1,4,null,5,2,3,3,4,4,1,0,3,3,2,5,0,0,0,1,4,2,5,1,3,4,1,2,1,4,2,0,3,0,2,5,5,5,3,4,2,4,4,3,2,1,2,2,5,5,2,4,2,5,2,4,4,1,2,1,4,1,3,1,1,4,1,3,0,3,1,1,5,5,4,1,2,0,null,3,5,4,2,0,4,5,3,5,5,3,2,3,3,5,3,1,0,1,1,3,4,3,2,0,3,4,0,4,3,2,0,2,1,1,0,null,4,5,0,3,2,4,2,4,2,4,0,1,2,5,4,1,0,2,2,4,2,4,2,3,5,2,5,4,5,2,1,4,4,2,4,4,1,3,4,0,2,1,4,1,4,0,2,3,0,5,2,2,2,4,1,1,3,0,5],
    [0,1,4,2,4,0,2,1,2,2,0,3,4,5,1,1,0,4,5,3,0,5,2,4,2,1,4,2,5,3,2,4,4,0,5,4,4,3,1,2,0,3,0,1,0,5,5,1,5,0,0,0,0,1,3,0,0,2,1,3,1,1,0,0,4,3,5,4,4,5,5,3,3,4,4,1,0,0,2,5,5,3,0,1,4,0,5,5,0,2,5,4,0,1,5,4,4,4,4,5,2,4,3,0,2,0,5,0,2,0,4,1,3,4,5,3,1,0,1,0,5,4,4,3,1,3,0,1,0,1,4,4,4,5,2,0,0,4,4,5,0,3,0,3,2,5,0,3,4,5,0,1,0,2,5,4,0,4,4,4,3,2,0,2,5,5,2,5,1,3,2,3,1,1,1,1,2,2,1,2,1,1,1,0,2,3,5,0,1,4,1,2,0,3,4,4,1,3,4,2,3,4,4,4,4,2,3,5,5,3,0,4,2,3,3,0,3,1,3,3,2,5,4,2,0,4,5,4,3,4,0,2,1,0,0,1,3,0,0,3,1,1,5,2,3,5,4,5,2,5],
    [2,1,0,2,0,2,1,3,3,3,5,5,1,0,0,0,1,4,5,4,2,0,1,5,2,5,2,1,2,2,0,0,3,5,2,5,3,3,4,3,2,5,3,1,3,0,0,4,0,3,4,3,5,1,0,5,4,2,1,2,2,5,1,4,5,1,3,1,4,2,2,5,1,3,1,0,3,4,1,4,1,5,1,1,1,2,1,4,1,4,3,5,5,2,4,5,0,3,1,4,0,5,2,5,0,5,4,1,3,5,1,1,3,3,1,0,0,0,2,5,1,3,2,2,4,2,5,5,5,1,0,2,1,2,1,5,1,5,3,4,4,3,5,2,2,1,5,2,2,0,1,4,5,0,0,1,2,2,0,3,3,2,5,1,5,0,2,5,5,1,4,2,2,5,5,4,5,3,3,5,4,3,0,4,0,4,4,0,3,1,2,2,5,4,1,3,0,5,5,1,3,0,1,2,4,4,3,0,0,3,2,0,3,1,5,0,1,2,1,2,0,1,0,0,3,5,1,4,5,3,2,5,5,4,1,0,0,4,1,4,1,1,2,4,2,3,5,3,1,0],
    [2,5,4,1,3,0,2,1,4,2,0,0,3,3,4,0,3,1,1,3,3,3,4,1,1,3,3,0,2,3,1,1,0,5,0,5,0,4,5,4,3,1,3,5,2,1,5,0,3,1,3,3,3,3,4,0,4,5,5,null,2,3,0,3,4,5,2,3,0,5,2,0,4,1,3,4,2,5,5,3,2,3,3,0,2,1,1,0,1,1,0,5,4,3,3,3,2,0,4,3,2,4,3,3,1,2,5,0,1,1,2,4,0,4,2,5,1,1,4,3,null,5,3,3,5,1,4,2,2,2,0,4,0,4,1,5,1,4,0,2,5,5,1,0,0,3,2,0,3,0,0,4,1,3,4,1,5,2,1,4,1,1,3,2,5,2,2,1,2,0,2,0,3,2,1,2,0,1,5,5,0,null,5,4,4,5,0,4,4,3,2,1,0,2,5,1,2,3,1,0,5,0,2,3,3,3,4,0,3,5,1,3,1,0,5,4,4,2,2,0,0,3,2,3,4,1,3,5,2,2,0,1,2,5,1,5,5,1,5,1,2,4,4,1,null,4,5,1,1,2],
    [0,2,4,0,4,2,5,4,2,4,5,5,1,5,0,4,0,5,4,4,0,3,4,5,0,4,0,4,5,4,0,4,3,1,4,5,2,2,3,1,5,1,5,2,2,1,2,4,0,5,3,1,3,3,3,5,1,3,2,5,5,5,5,3,4,5,3,3,2,0,0,3,2,3,1,2,0,1,2,3,5,1,4,3,0,2,5,4,3,4,2,4,3,0,1,5,3,4,1,5,2,1,5,4,5,0,null,2,1,4,3,2,1,1,1,0,5,4,5,3,2,1,4,0,4,2,0,1,2,4,2,5,1,0,5,3,2,4,3,4,null,2,5,4,0,3,0,4,1,4,2,0,4,1,3,3,5,1,3,1,2,3,5,0,1,1,1,5,3,2,4,2,4,2,5,4,0,5,1,5,2,2,2,0,3,null,0,5,2,2,2,5,1,3,2,4,4,2,3,5,3,0,3,1,5,4,3,4,1,5,5,3,0,2,0,5,5,4,2,2,null,4,1,4,0,1,4,5,3,1,0,0,4,0,1,2,0,2,4,3,2,1,2,0,1,2,4,0,0,2],
    [4,1,5,1,0,4,2,1,2,0,0,4,4,1,1,2,2,3,3,2,2,5,0,1,2,3,0,2,5,4,1,3,4,1,5,5,0,1,4,5,3,4,5,4,1,0,5,2,3,5,2,1,5,2,5,5,2,3,0,5,5,0,5,3,5,4,5,1,0,3,2,2,1,2,3,3,2,4,5,4,4,2,5,3,2,0,5,5,3,4,5,0,1,0,5,2,0,1,5,0,5,3,5,5,4,5,3,1,3,4,2,4,3,5,4,1,2,4,4,1,1,4,3,4,0,5,1,5,5,5,5,2,5,3,3,0,5,4,3,5,0,5,2,2,4,0,3,0,5,1,0,2,1,0,4,5,2,2,2,3,1,3,0,4,1,0,0,2,4,1,0,0,5,1,4,3,5,4,2,0,0,2,2,0,3,5,1,0,1,3,2,1,5,4,5,1,3,5,0,5,0,1,2,5,4,0,0,1,1,0,4,5,5,0,5,0,2,2,5,5,1,4,1,4,2,3,4,2,1,4,0,5,1,3,5,0,1,0,5,1,3,2,5,0,1,5,0,5,0,4],
    [5,5,0,3,5,3,5,1,4,2,4,1,1,1,0,2,3,3,1,4,2,1,1,5,2,2,1,3,5,2,3,1,3,4,4,5,1,1,0,3,2,0,5,0,1,0,3,5,5,1,0,4,4,2,5,5,2,0,1,4,2,2,4,0,5,1,1,1,1,5,1,5,2,0,2,5,2,3,2,0,1,3,5,5,2,3,3,3,0,3,2,0,2,2,5,1,0,2,3,5,1,1,0,4,1,4,0,2,5,1,5,4,5,0,4,0,5,3,5,2,4,5,3,2,2,4,0,5,3,3,5,2,2,4,1,2,3,5,5,0,0,3,1,4,3,0,3,1,1,0,0,5,0,2,3,0,1,0,3,0,1,0,3,5,5,1,2,2,3,1,5,5,4,0,1,1,2,5,4,3,5,1,5,3,1,2,5,4,5,4,1,5,2,2,3,3,4,4,4,2,4,0,2,1,5,5,4,1,5,0,2,0,2,0,5,4,3,0,2,5,1,2,2,5,4,0,0,5,4,3,0,5,1,1,4,0,5,4,0,3,4,2,0,3,4,3,2,1,4,0],
    [3,0,4,2,3,3,1,1,0,5,0,0,1,1,1,1,1,5,null,3,5,5,2,0,1,2,0,2,5,1,4,5,4,4,0,2,1,1,4,2,3,3,2,5,3,5,1,0,0,0,2,4,5,0,4,3,1,2,3,2,2,2,1,4,5,5,2,4,0,3,1,2,3,4,2,0,4,3,1,0,5,4,1,4,5,5,3,1,2,3,2,0,1,4,5,0,5,4,2,4,1,1,0,1,4,3,3,3,0,3,2,2,2,4,1,5,4,0,2,2,1,3,1,0,5,1,5,2,4,5,2,1,0,3,2,2,3,5,4,1,1,1,2,5,0,0,4,4,2,2,null,5,4,3,4,1,3,4,1,3,0,3,2,2,4,1,3,0,5,3,4,4,1,1,1,5,3,3,5,2,3,4,2,0,2,4,4,2,2,2,2,2,3,2,0,5,5,4,2,0,5,4,0,0,5,3,1,4,5,1,1,1,4,3,1,0,3,5,0,4,3,1,1,3,1,3,0,5,3,2,2,3,3,3,3,3,0,0,4,3,2,0,5,2,3,3,4,0,1,0],
    [0,3,0,5,0,4,2,3,3,4,4,5,null,2,2,5,0,1,1,5,1,5,4,0,3,2,1,5,5,4,0,4,1,4,4,5,4,5,0,4,0,3,5,1,1,3,5,1,5,2,5,2,1,1,0,5,1,4,0,3,3,3,2,2,3,5,1,3,0,0,2,5,0,4,1,5,1,4,1,5,0,0,1,4,0,2,4,0,2,5,1,3,2,4,2,4,4,2,0,0,3,5,3,5,1,2,3,4,1,2,4,3,2,2,2,2,3,2,2,1,5,3,1,1,1,2,4,5,3,3,5,3,3,2,4,3,1,5,2,2,3,5,1,2,4,2,0,3,1,4,0,2,1,2,1,5,0,1,5,5,4,1,1,1,4,1,2,1,4,3,4,4,5,4,0,0,0,3,0,1,5,2,2,2,3,3,5,0,0,0,0,4,0,0,2,2,4,5,2,0,1,0,5,0,2,1,3,3,3,3,1,2,2,1,5,0,4,4,3,0,1,1,1,5,4,2,null,3,5,3,0,0,2,1,0,2,4,4,2,2,5,4,0,3,3,1,null,4,0,2],
    [1,0,1,3,3,4,3,5,5,0,1,3,3,4,0,1,1,4,4,3,4,1,3,1,1,3,5,4,0,1,1,1,4,0,3,3,5,0,5,1,4,0,4,5,4,1,5,0,3,4,3,3,2,0,0,1,1,1,1,0,2,5,0,4,4,3,0,2,0,0,4,4,0,2,4,1,2,3,3,4,5,1,2,3,2,1,3,0,2,0,1,1,1,1,1,4,4,5,0,4,3,2,5,4,4,4,0,3,2,0,2,5,5,4,3,2,4,2,2,5,0,1,2,0,3,3,4,0,3,1,5,0,1,1,0,1,5,3,4,3,5,5,4,2,1,5,2,2,3,5,1,3,0,3,0,4,4,5,5,5,4,4,2,3,1,5,3,3,0,4,4,1,3,1,5,5,4,5,5,5,2,3,4,4,1,5,3,2,2,0,0,2,0,2,2,5,3,0,1,2,5,4,4,3,2,4,3,1,5,3,0,2,2,3,5,5,5,3,4,5,5,4,0,2,2,5,5,4,0,3,1,5,2,5,2,1,4,4,3,2,1,1,0,2,3,4,2,0,1,1],
    [2,4,2,0,1,1,4,5,0,3,3,1,0,4,1,2,0,3,3,4,1,4,3,4,2,1,0,2,4,1,4,3,4,2,3,5,3,0,3,4,3,2,2,1,4,3,4,0,4,1,0,1,3,2,4,0,0,5,3,0,1,3,3,1,5,2,0,2,3,4,0,5,4,0,0,3,null,1,5,4,5,0,2,5,4,2,3,3,5,5,2,5,3,3,2,0,5,5,0,4,1,1,4,5,5,0,1,4,3,5,0,1,5,4,0,4,5,5,3,1,2,2,5,1,4,4,5,2,0,3,0,3,2,1,4,3,3,3,3,0,0,4,3,3,0,4,4,3,3,3,1,0,4,2,3,2,0,2,1,2,3,1,4,4,3,2,0,1,1,4,5,5,3,1,0,1,3,1,2,4,4,3,0,2,0,2,0,4,2,5,1,1,1,4,3,3,4,2,3,0,2,0,4,3,3,0,1,2,3,4,1,2,3,0,4,4,3,5,2,0,3,4,1,5,0,5,5,5,5,4,3,2,3,5,1,2,5,4,5,5,4,4,1,1,1,4,1,5,4,1]
  ],

  
  "similarityMatrix":
  [
    [1,0.4920749682825424,0.4666817389661897,0.4716090844325601,0.48525358877180963,0.4841722050543205,0.5028877080745567,0.5112929556379593,0.4889506755639474,0.5081002250572543,0.5559944347921367,0.47438400048985296,0.47912078569251687,0.42050377881834916,0.466906389525209,0.5153401931219573,0.5177885054825475,0.44516131619661264,0.5050566603536019,0.4939538049026562,0.5430220505392838,0.5101328863777009,0.4974360222303216,0.5630405401097389,0.5173040341827401,0.484066011203379,0.5397200473633262,0.45878169440745575,0.5162301102086585,0.5094148215544752,0.49424350646379206,0.4877261522299148,0.5020348394393624,0.5451939143620887,0.44271542943762376,0.46108558374110653,0.4645234286776514,0.4732803856808271,0.5513852128629209,0.45347021259398024,0.4715094198929023,0.5655030338510072,0.4663946638845154,0.5174967460416482,0.5501661224914821,0.5106605352500787,0.5545509757957581,0.543764763822358,0.4904585063537588,0.47236762202700455],
    [0.4920749682825424,1,0.5085839246629593,0.4616289438718954,0.5055591543918372,0.48975487114084254,0.5095637736440032,0.5193480065928383,0.5277160535201206,0.5050804242128879,0.4792613282201529,0.45389615330378247,0.4894320023674469,0.5398071345401831,0.5338562117939317,0.5056857666653025,0.4882162266145458,0.5121586940565623,0.48320661268715054,0.4925461775888458,0.4279778290050791,0.4827613629007982,0.48040164935255036,0.5440437235354194,0.48980752772351677,0.4809294135176796,0.49732522978294375,0.5083635630603343,0.564339422581406,0.4899144139402871,0.5272039392063351,0.4946186637858968,0.5160980741673548,0.5149034985711294,0.5066748055064039,0.5212647320399932,0.5190484199395002,0.4682756429402552,0.5197451732532363,0.5556842859050146,0.4727959358337488,0.47786220387240114,0.43252384482818357,0.5500919093543024,0.4965720834384708,0.46519351145085674,0.4756885744363882,0.535264810095781,0.5270280080566184,0.5241402702649349],
    [0.4666817389661897,0.5085839246629593,1,0.44499376439527016,0.4779622115925102,0.5336923057971698,0.5107972427756884,0.49887553719182204,0.4583021159318079,0.48497704842003253,0.4957299318871069,0.47505029124146003,0.5043865870077353,0.44890793410613766,0.5618926657996485,0.5081977964562985,0.5112205225924383,0.499089743345052,0.4957130110498793,0.46407641280726974,0.5144766568110983,0.5492289004389008,0.5346637176389828,0.4331939448146496,0.5140708268084,0.5021550792610825,0.4595362239641255,0.4945515967580821,0.5447480493575277,0.45571791596704775,0.46651880408921653,0.46908953237074724,0.5016395637444021,0.5268717115371863,0.467327372793071,0.5127396553978171,0.4509694290155972,0.5153988404019384,0.45947841968119485,0.5517353781318466,0.46746187429828917,0.5063038330807524,0.43387926689047146,0.441680291142135,0.5285751883492016,0.5160195047605437,0.45591944069724566,0.491951799591815,0.5130163725980835,0.4421857079138647],
    [0.4716090844325601,0.4616289438718954,0.44499376439527016,1,0.5084149866486715,0.5417598129197714,0.4691750659639229,0.47946155207300745,0.48971680750894664,0.5393780857114998,0.4954041540220713,0.521768753157048,0.4998036748942112,0.4937927126324277,0.475620916112966,0.5029639960006617,0.48534410074118134,0.4765457265491652,0.5062110444337835,0.5547147319020649,0.4869692489611723,0.45199402112322673,0.5598380575569263,0.5212859572836616,0.5634030877242259,0.5428477452029137,0.5263150946775819,0.48831380763579846,0.5143630715859648,0.531431004895697,0.4948797509762087,0.4865823398156435,0.5204592151070545,0.45818030991661546,0.5717616533299221,0.4817653052265648,0.508491050251768,0.49455548399521054,0.444868113244927,0.4834660696478519,0.5212919052202146,0.49600743034636385,0.5001709413785194,0.4894793454528166,0.4608209573991937,0.5206987579478353,0.5589917926399888,0.3991893706020531,0.4939593168228556,0.5272676010320311],
    [0.48525358877180963,0.5055591543918372,0.4779622115925102,0.5084149866486715,1,0.4850796237721558,0.5124928030857644,0.5022073088547968,0.4932692793455931,0.4999878301086984,0.5176927927966798,0.48708063226643766,0.4512621013618742,0.4314754900447795,0.4526671842627583,0.4878071306815314,0.515554770565371,0.4732610541693187,0.473020925894999,0.48178916164829977,0.5035938369244114,0.5015554019364309,0.5289492786860311,0.49760005800410134,0.47715593360860015,0.5413637399515062,0.5414475083021255,0.5009220009824332,0.5098339230264277,0.5081580708883994,0.5032318112477376,0.47445456805857616,0.4956157171290923,0.5722120862702074,0.4790843909718018,0.5053029730896257,0.5204255278934203,0.45910746074050646,0.5287893260754769,0.5086608668283695,0.4529799813840301,0.503631101398228,0.5033132255178243,0.48275709943577744,0.49534738715466675,0.48413394705014934,0.5211120666391794,0.5128204901442595,0.48488853284917105,0.5046838953270315],
    [0.4841722050543205,0.48975487114084254,0.5336923057971698,0.5417598129197714,0.4850796237721558,1,0.5019051702156018,0.5441948653028965,0.5194044994985932,0.4864196028188142,0.46850434332852087,0.4952905733832046,0.4868335606755112,0.5365656073692984,0.5219021092755219,0.5519840513616672,0.5273450652328019,0.4953142296335091,0.5018273187486465,0.4896545640297135,0.46346846149903187,0.4692293528438292,0.5443105454310013,0.5168489717557689,0.5140906584896286,0.5014634641896482,0.49173598240115723,0.4449864679761756,0.5289632842611802,0.5175742596847066,0.5394846707836769,0.46863507767710144,0.49733727159325425,0.48603707395503226,0.5339764995712306,0.47441384306194245,0.4846609617791557,0.5323164756191094,0.4375889412026183,0.47407084453206716,0.4880479577097291,0.5173866452117254,0.4595515541067364,0.5031326146731682,0.5161274253951716,0.5233744617397641,0.5319746749264549,0.485388592047894,0.5790518652691363,0.4986731725870825],
    [0.5028877080745567,0.5095637736440032,0.5107972427756884,0.4691750659639229,0.5124928030857644,0.5019051702156018,1,0.5026945429296237,0.4556357784233966,0.495565933387927,0.46338225445897785,0.4867139962725251,0.4952067349940811,0.5062794635979305,0.4762061340131302,0.5073192555607563,0.5152655963579074,0.50833051423626,0.5214437851605976,0.543527813596795,0.4794099445018039,0.49278413278980354,0.5214994885781612,0.46640364811731627,0.5194337171601182,0.4696918596141994,0.45217496184398814,0.4425701749736659,0.5026042436616716,0.49503979135587683,0.4793201395667895,0.4758699210822922,0.528448277764361,0.5233102784809738,0.4639774959700845,0.45470074743031974,0.4809748388841856,0.5226379178138539,0.4956945121262819,0.4893721009684651,0.4849527698747064,0.520039249453951,0.4730270409127253,0.5039236619933085,0.5101565881599803,0.4792760337379792,0.5020995489122174,0.4903095395598648,0.5049475902709709,0.4406570077662235],
    [0.5112929556379593,0.5193480065928383,0.49887553719182204,0.47946155207300745,0.5022073088547968,0.5441948653028965,0.5026945429296237,1,0.5354737658994492,0.470165174469535,0.4622836512473468,0.4633670848859318,0.4810528086959417,0.47009821316572364,0.4593353836831793,0.45905772111182397,0.4482586658577754,0.5219244480958911,0.5563588688736757,0.49389024575644536,0.5345009391835136,0.48552374443804086,0.48279824298651675,0.5060393750653763,0.47900558200354526,0.5206324991643944,0.5440586592374232,0.5267731227911173,0.4712334843043723,0.5006117633848941,0.5297573167302684,0.4988300187140145,0.5235589673390018,0.5362449238475941,0.5112447319817319,0.4147779591578656,0.5154099197825807,0.5415696475348927,0.5294774649232473,0.49833347118862203,0.48273449378889194,0.467138177019278,0.448655095345013,0.4814572008366613,0.5326694036839599,0.4706816516537369,0.47070473751772635,0.49017062994594,0.45453150156402145,0.5107701601060382],
    [0.4889506755639474,0.5277160535201206,0.4583021159318079,0.48971680750894664,0.4932692793455931,0.5194044994985932,0.4556357784233966,0.5354737658994492,1,0.6202836368263719,0.49508642763708444,0.45131048754900704,0.49986324063443927,0.5600034673868468,0.5119913414109428,0.5663790057089432,0.5021694335059467,0.49215845178716094,0.4917036361870947,0.4707345402153255,0.5036653521952645,0.44850371144494816,0.5111418682559304,0.4650280950421003,0.542128487642853,0.5284935756631024,0.47382765368909957,0.4891793756177885,0.5059498645371553,0.5205543911944797,0.4735379180042278,0.49387088820816816,0.5033981003829933,0.5175786409663364,0.5323566658522885,0.4845352178188438,0.4411199270112733,0.48285451144588254,0.4874802836431291,0.562172694864541,0.4632408961363913,0.5096848828854774,0.5089734941889271,0.5043172496901085,0.47924256164354917,0.4702476656665394,0.4645239134185976,0.5026443208195917,0.5330133559074276,0.5254540730770945],
    [0.5081002250572543,0.5050804242128879,0.48497704842003253,0.5393780857114998,0.4999878301086984,0.4864196028188142,0.495565933387927,0.470165174469535,0.6202836368263719,1,0.534495890409488,0.509569894195168,0.4750325334211111,0.5116320579393014,0.4952815503301697,0.4940704758316037,0.5047613102959846,0.525029497888325,0.5001870086330573,0.5361218516130645,0.4316381266309629,0.5400224062371313,0.4755803207257808,0.4917860202230842,0.5276650625800421,0.5569705714945155,0.49279823093940633,0.5325125998207962,0.5411672695961274,0.5367738623579775,0.43893142532300655,0.45131605752893467,0.4860966444651829,0.492921053438019,0.4773492807422331,0.4784509163557209,0.489081152977451,0.48882165526882504,0.4942846742349669,0.5433691840501026,0.4916473744295625,0.5434743213506565,0.49361370885724315,0.4892429080841113,0.4632850579940972,0.5086002852526144,0.5028066410034768,0.5255566165759077,0.47479178121604637,0.5664324062652373],
    [0.5559944347921367,0.4792613282201529,0.4957299318871069,0.4954041540220713,0.5176927927966798,0.46850434332852087,0.46338225445897785,0.4622836512473468,0.49508642763708444,0.534495890409488,1,0.5087955783683462,0.47821662230016065,0.46936273296778136,0.48627219253535925,0.5265042043043646,0.44595931273377126,0.4798341558500774,0.466550081918899,0.5388267216080477,0.5011960637110678,0.4981789652989548,0.4906186756019794,0.48111669353327136,0.5247400940938729,0.531175499827595,0.5513106866200611,0.488181200016841,0.44436831560909607,0.47665143135917365,0.45533921593781745,0.45556197110193053,0.4680479442465691,0.5599413977429781,0.5076718182313452,0.49708974696867114,0.5089652261003719,0.45940156705020174,0.4444062114482928,0.44717177230906413,0.4904277929145933,0.4994532469267005,0.476532785133681,0.5369894862769228,0.5130587147638163,0.47025112684290726,0.5256926154839184,0.5051081229416583,0.4665177917851734,0.5348850136364479],
    [0.47438400048985296,0.45389615330378247,0.47505029124146003,0.521768753157048,0.48708063226643766,0.4952905733832046,0.4867139962725251,0.4633670848859318,0.45131048754900704,0.509569894195168,0.5087955783683462,1,0.4989583853886141,0.4820234913284435,0.4979521456330066,0.5297720016481302,0.5149334156169622,0.5076673545738938,0.48557255387013804,0.518207986718613,0.5153824823741647,0.5477503064661894,0.5150191768819783,0.4683093280666497,0.5189357851392531,0.5037191785578341,0.4736762105240641,0.5046839725710525,0.49975979909917906,0.5060968447863322,0.4744167852842191,0.49868176571326334,0.4832748548371691,0.42750669316223466,0.5356547744988086,0.5166477241365955,0.5483463049609114,0.5320536288982959,0.502600370728102,0.47771007796386883,0.5331920630038345,0.5540184168791854,0.5061552868405634,0.48234947654965754,0.5021932661471944,0.6145358286046271,0.5549298510953351,0.4756809169317985,0.5370493778420632,0.516293549343438],
    [0.47912078569251687,0.4894320023674469,0.5043865870077353,0.4998036748942112,0.4512621013618742,0.4868335606755112,0.4952067349940811,0.4810528086959417,0.49986324063443927,0.4750325334211111,0.47821662230016065,0.4989583853886141,1,0.530050183199156,0.5200286984151455,0.538261829204511,0.5626141916637433,0.5274071590004032,0.4901804670421388,0.5399739306488217,0.4963044007426376,0.4500311794680645,0.5098181642332392,0.49434120521967334,0.5539649586750572,0.5154926457599874,0.4633230782640121,0.5617349189003136,0.48848570710967887,0.487758107140118,0.5254878440820858,0.529150495329555,0.4919501310525451,0.4300831977131589,0.4567615433430576,0.500536876305681,0.4786721769625759,0.5453404826257087,0.5354666397694007,0.4769138240413324,0.47171792800888795,0.47597615626178646,0.5213875423851716,0.44902091968162644,0.4481878988953589,0.459492171355248,0.44571238855518275,0.48426966157531753,0.5692261064152606,0.4847380147374401],
    [0.42050377881834916,0.5398071345401831,0.44890793410613766,0.4937927126324277,0.4314754900447795,0.5365656073692984,0.5062794635979305,0.47009821316572364,0.5600034673868468,0.5116320579393014,0.46936273296778136,0.4820234913284435,0.530050183199156,1,0.4988551698909049,0.5363071948740222,0.5417667786193919,0.569877282639923,0.44986108424056376,0.5097007475998655,0.4842649386336163,0.465745335788079,0.46190978573222596,0.478005223862153,0.48323300929585095,0.47084069612196755,0.5361416636855885,0.5500769743665329,0.5315558787695916,0.5185230895303795,0.5155278862067085,0.5428999699825585,0.4819654086177552,0.49997523874195254,0.5332752717807585,0.4722807603740239,0.5055293738865543,0.509379673911041,0.49986036761998953,0.50632052214791,0.5144685087272081,0.5164720616398255,0.5255559918026836,0.5078892511987111,0.4986169033580108,0.4642564780929491,0.4802484108373778,0.5697649354892882,0.5083328157251162,0.5364927699118728],
    [0.466906389525209,0.5338562117939317,0.5618926657996485,0.475620916112966,0.4526671842627583,0.5219021092755219,0.4762061340131302,0.4593353836831793,0.5119913414109428,0.4952815503301697,0.48627219253535925,0.4979521456330066,0.5200286984151455,0.4988551698909049,1,0.5451966080102656,0.5162482991977432,0.5203947882925414,0.45864414708976026,0.45869169678672156,0.5170401786853731,0.5403290695241997,0.5607960708680702,0.4843676281008074,0.5009218086752256,0.5098187134188211,0.5014441008629918,0.42764543653357795,0.5268525059007121,0.43969943612108053,0.4798249626957805,0.4765290095506896,0.494114764013805,0.48664112131694925,0.479569591142028,0.5160661941858422,0.4733972191719721,0.48060015710383935,0.5164504627281556,0.4983775465968191,0.46809764342257565,0.5486714249696281,0.4766974443802139,0.5239448985202585,0.4975704967232976,0.5388404136609595,0.5226781101841512,0.4685912397366253,0.5127762088803823,0.483689756961317],
