{
  
  "utilityMatrix":
  [
    [4,0,4,3,5,2,4,2,5,5,0,2,3,0,3,4,5,5,0,5,0,1,2,4,1,4,0,5,1,5,2,5,1,0,1,5,0,4,3,3,1,0,5,1,0,2,4,1,2,2,2,5,5,5,0,2,0,5,1,4,4,4,3,1,4,0,0,0,0,4,5,1,2,2,5,1,4,5,4,1,1,3,4,3,2,2,0,2,3,2,2,4,1,4,0,5,4,0,4,0],
    [2,0,4,0,1,null,3,1,0,4,2,3,2,1,2,0,5,5,5,0,4,4,null,5,1,3,1,5,5,5,0,5,0,3,5,5,5,4,4,2,null,3,4,0,3,1,0,3,5,1,5,4,5,5,1,5,2,3,3,null,1,5,5,2,3,3,1,0,5,2,1,5,1,2,4,3,0,4,3,1,5,0,4,2,4,5,3,4,5,3,1,0,0,3,5,4,2,0,1,0],
    [2,3,4,1,1,2,4,3,5,0,3,4,3,4,5,0,0,1,3,1,1,2,0,5,5,0,2,2,0,0,1,5,3,5,5,4,5,3,1,3,0,2,1,4,4,2,4,2,0,0,1,0,4,4,4,1,1,1,4,2,5,5,1,1,4,4,4,1,0,0,2,1,5,0,3,3,3,0,2,null,1,4,0,2,2,5,0,2,3,4,1,3,0,2,1,0,5,3,1,3],
    [2,1,2,5,4,5,5,0,1,1,0,0,5,null,4,1,3,3,2,2,1,2,4,null,5,5,0,0,5,1,5,0,5,5,3,5,null,4,4,3,4,1,0,4,3,4,4,5,5,2,5,0,3,4,2,0,3,1,3,2,4,0,null,4,5,1,3,2,0,3,3,2,5,1,2,0,1,5,5,4,5,3,1,1,3,0,5,1,5,0,1,3,2,null,3,4,0,5,5,5],
    [2,3,1,0,5,4,2,5,3,5,2,5,1,0,3,1,3,4,3,5,1,1,5,2,4,2,3,1,0,3,5,0,3,null,0,1,5,4,3,null,3,4,null,0,2,3,5,2,4,3,0,2,5,4,2,3,3,0,5,0,5,2,null,3,4,2,0,0,5,0,5,4,0,5,4,5,2,5,5,3,1,3,5,2,2,4,4,5,1,2,4,2,3,4,1,3,2,4,0,1],
    [4,0,0,4,4,2,4,2,4,2,0,1,4,4,0,4,2,1,5,3,2,2,4,5,1,0,2,5,1,5,null,4,4,1,1,4,4,2,0,3,3,1,0,1,2,null,3,5,0,5,3,5,1,2,4,4,3,3,2,5,5,2,5,1,4,0,2,3,0,4,null,1,4,1,4,4,5,4,5,null,3,0,2,null,2,5,5,1,3,4,1,1,0,0,4,0,0,1,1,1],
    [0,0,4,5,3,2,0,2,5,0,5,4,0,1,3,1,5,5,5,5,4,3,4,2,4,0,0,5,3,4,0,3,3,2,0,5,3,4,3,0,2,1,5,4,3,1,5,2,1,2,4,4,0,3,1,3,4,0,4,0,3,3,5,0,1,1,4,0,0,2,2,4,3,3,4,0,4,3,0,3,0,1,3,5,4,4,0,0,3,2,3,4,4,4,5,4,4,5,5,5],
    [4,2,1,0,3,4,5,0,1,0,null,1,0,3,5,3,1,1,1,3,0,1,1,4,1,4,1,4,0,2,1,3,3,1,2,1,0,5,0,1,4,1,0,0,3,3,5,5,1,4,4,3,3,0,3,2,1,2,3,1,2,2,5,1,0,0,3,1,2,1,0,0,2,1,0,5,null,1,1,1,4,0,2,2,1,3,1,5,2,1,1,0,4,2,4,1,5,2,4,2],
    [5,4,0,1,3,4,0,5,0,4,2,5,3,5,0,4,1,5,5,4,4,0,4,5,0,0,1,5,2,1,2,5,1,3,0,4,0,3,3,1,5,1,0,1,0,5,3,3,4,4,4,3,0,null,null,0,5,3,0,2,2,0,2,5,5,3,3,2,0,3,1,3,null,3,2,5,0,5,0,1,4,2,2,3,5,2,5,0,null,4,5,1,2,3,2,2,1,5,5,2],
    [2,2,0,1,5,4,1,5,0,1,0,2,3,3,1,3,2,0,3,4,3,0,0,5,null,4,4,4,4,0,2,4,1,5,0,1,5,1,5,5,4,2,4,3,0,3,5,0,4,4,4,1,0,2,1,0,5,0,1,1,2,5,3,1,3,2,4,0,1,null,2,2,4,0,5,2,4,0,3,3,0,0,3,4,4,4,0,3,3,0,3,4,1,4,4,1,2,5,0,2],
    [4,2,4,null,2,0,4,5,2,4,5,3,3,0,null,4,2,1,1,1,0,3,5,1,4,5,4,4,3,1,4,1,1,5,0,2,2,0,1,1,0,4,5,0,5,0,5,0,5,1,1,1,5,1,0,1,null,1,4,4,4,0,2,1,0,0,5,2,0,0,4,1,0,2,1,0,3,2,3,0,4,1,3,3,0,2,0,5,2,2,2,3,1,2,2,3,2,2,0,1],
    [5,5,5,5,1,1,5,5,0,1,4,3,2,2,3,2,4,1,5,4,3,1,3,3,4,3,3,3,2,1,0,0,0,0,5,0,2,2,3,3,3,0,4,3,4,3,5,2,5,2,5,4,4,0,2,0,4,3,2,0,2,3,1,2,2,5,3,null,0,2,1,1,0,2,5,2,2,5,3,4,1,5,1,0,2,4,5,5,4,0,1,5,2,5,4,5,5,3,1,4],
    [4,1,5,4,3,3,1,3,3,1,4,2,5,3,3,5,4,1,4,5,0,1,5,0,null,0,0,4,2,5,2,1,2,4,5,5,2,5,4,null,null,4,5,1,2,4,5,1,null,4,2,1,1,3,5,2,1,3,1,3,5,5,4,3,5,0,3,0,1,4,2,4,4,1,0,0,4,3,1,5,0,3,3,5,2,2,5,3,5,4,5,null,0,1,3,4,3,2,3,2],
    [0,4,1,5,5,2,4,0,3,null,1,1,2,0,5,0,1,1,3,1,5,1,1,0,5,2,4,3,1,3,0,5,0,2,2,4,2,2,5,0,2,0,1,4,5,0,null,1,0,4,4,2,3,1,null,1,3,4,0,4,5,1,3,5,5,1,3,4,5,3,3,0,1,4,0,5,5,4,5,2,0,2,4,5,4,1,4,0,1,1,4,2,1,5,0,5,2,0,5,1],
    [2,4,3,1,0,0,1,1,4,2,2,1,2,3,2,5,0,2,3,0,1,2,1,4,0,1,4,2,4,0,5,0,1,1,2,4,1,5,0,1,0,3,1,0,3,3,0,3,4,4,3,3,1,5,4,4,1,5,0,1,0,2,0,4,1,2,4,0,5,3,1,0,0,3,3,2,2,4,3,3,5,5,4,4,0,2,0,3,3,0,0,0,3,5,0,1,0,0,5,1],
    [3,2,5,1,2,1,1,2,null,5,1,2,3,5,2,0,2,2,5,1,2,4,null,5,4,1,1,0,3,5,5,0,1,0,0,2,5,2,3,2,null,1,2,1,1,3,3,3,1,1,5,1,1,1,0,1,5,4,0,2,0,5,5,5,1,4,2,5,0,1,0,4,5,2,4,4,1,0,4,0,3,2,0,0,4,4,2,3,3,1,2,1,1,2,1,0,5,3,3,3],
    [4,5,5,2,4,4,0,1,3,0,3,5,4,0,5,2,4,4,2,0,5,2,1,2,0,1,3,4,3,3,3,0,1,2,4,1,0,1,1,0,3,5,1,2,0,1,5,3,2,1,3,5,5,4,null,0,0,5,1,2,4,0,1,5,2,0,3,4,5,2,0,4,0,2,4,2,4,4,4,1,4,4,3,4,0,1,2,2,4,5,4,2,3,4,3,1,5,5,4,5],
    [4,0,0,5,4,2,0,3,2,1,0,4,1,4,4,3,3,3,5,3,1,0,3,5,0,1,3,4,3,3,3,5,4,4,2,1,1,0,1,5,5,5,2,5,2,3,0,3,0,0,3,2,5,4,2,2,1,3,0,4,4,5,0,1,3,4,2,4,5,3,4,0,5,4,4,0,2,4,3,5,4,1,3,3,1,5,4,0,5,2,0,4,2,2,5,2,0,1,1,1],
    [1,5,3,5,2,1,5,4,2,0,1,1,5,0,1,0,5,1,4,2,2,1,3,5,0,3,3,3,null,3,3,4,1,0,5,5,0,3,1,0,2,3,0,4,0,5,3,3,null,4,4,1,3,0,1,1,0,3,4,0,5,4,1,3,4,1,3,5,2,2,5,1,2,1,5,null,4,5,4,null,3,1,4,0,1,5,4,1,2,0,5,1,4,2,0,1,4,2,1,5],
    [3,5,3,1,2,1,3,2,null,0,2,3,3,3,2,3,5,1,2,4,2,0,5,5,0,0,0,0,0,3,0,0,0,5,3,2,4,0,0,0,3,1,0,3,4,0,5,0,5,1,3,3,0,2,1,2,2,0,4,0,1,2,4,3,1,4,0,0,3,4,2,5,3,1,2,3,2,4,1,3,0,1,0,0,2,0,0,0,null,null,5,1,2,4,0,1,2,2,1,4],
    [4,3,1,5,5,5,5,1,1,2,3,2,4,4,2,3,5,4,5,4,3,5,5,3,2,1,4,3,2,2,3,3,0,0,5,2,0,4,5,3,1,5,0,0,4,1,4,4,3,4,2,1,2,1,0,1,4,1,3,0,3,1,2,1,2,1,2,2,1,0,1,5,1,4,0,1,4,3,1,5,0,3,3,2,1,1,3,2,1,3,0,5,4,1,0,1,5,5,0,4],
    [4,1,1,4,1,2,null,1,3,5,4,4,1,4,3,4,5,0,5,0,0,2,3,5,0,2,1,2,4,3,5,0,3,2,null,3,2,1,4,0,3,1,2,4,0,4,4,3,3,0,4,1,2,4,4,0,4,0,2,1,0,3,3,2,5,4,2,1,0,5,4,0,5,4,3,2,2,1,4,3,3,null,0,1,4,0,0,1,0,3,4,4,0,0,1,0,5,5,5,5],
    [1,3,0,4,1,3,5,3,1,0,5,2,0,5,3,5,5,3,5,1,0,null,1,5,0,1,0,5,4,0,0,0,5,3,4,4,5,2,0,5,1,0,2,1,3,1,4,3,2,2,0,3,0,3,1,3,null,3,3,3,2,0,3,1,2,1,3,4,0,5,4,0,2,1,1,1,4,3,2,5,3,4,4,0,4,0,5,5,2,0,1,1,2,5,5,1,3,5,1,2],
    [3,4,5,0,1,3,2,4,0,5,3,4,0,2,3,3,2,2,3,5,3,4,0,5,5,0,1,5,1,3,3,4,4,1,0,1,4,1,0,5,0,2,5,1,5,2,1,1,0,2,4,1,4,3,4,0,4,4,3,2,3,2,2,1,4,0,4,3,2,5,2,1,1,1,2,1,3,4,3,1,2,2,2,1,1,0,3,0,3,3,0,4,2,4,2,0,3,3,0,2],
    [2,2,4,3,2,2,5,2,4,0,3,0,1,2,1,0,0,3,null,2,2,0,2,3,2,2,3,2,5,5,2,4,0,5,5,4,0,0,1,5,3,4,0,1,3,0,1,5,2,2,0,1,4,1,2,1,null,5,2,5,0,4,5,3,4,4,2,2,2,0,0,3,0,5,5,3,5,2,2,2,0,5,5,1,0,2,2,1,3,2,0,2,2,4,5,4,null,2,5,4]
  ],

  
  "similarityMatrix":
  [
    [1,0.16235480703964178,-0.0775976949653528,-0.04449913250545661,0.09838172123686138,0.17300593634087522,0.15029564744302631,0.023270581178222085,-0.04789049723045742,-0.017413728552976505,0.11016858875159366,-0.021106483031339104,0.20994583814721385,0.1426253121651032,0.022584901335305534,-0.1136670493530514,0.04198183976676588,0.0709103791751493,0.11682448194989227,-0.07729253030474852,-0.06784691083100956,0.005854766405183606,-0.06695139969798147,0.10024762147331927,0.0445164756971804],
    [0.16235480703964178,1,-0.09488269208172619,-0.11759641249502895,0.017031411534784328,0.055547558310032025,0.04682671418822383,0.011834662838119733,-0.012760460239276296,-0.04065092914344344,-0.04294254376299799,-0.025551972512941144,-0.06045709042828247,-0.08975149966850567,0.07094883904556956,0.12787720874375424,-0.03574021457606861,0.06655051711300984,-0.05581384957835315,0.0011622394371970692,-0.14856989755256236,-0.17626551604499344,-0.03928412189410973,-0.02039756487370156,0.12235381431100154],
    [-0.0775976949653528,-0.09488269208172619,1,-0.019353470712573293,-0.08838687897870727,0.016593155465904605,0.04762849476775999,0.05673352099015149,-0.21975837117957994,0.11136147572520513,0.012539188043572668,0.04608125503634806,0.05655391620285321,-0.06147876177979134,-0.12292658760876099,0.08814372751318404,-0.06790296727592765,0.04911836711161586,0.058461186826521856,0.07246113923380663,-0.0525278271785624,0.10196192409434926,0.04035311684714776,0.1744028053376257,0.078376108361585],
    [-0.04449913250545661,-0.11759641249502895,-0.019353470712573293,1,-0.07372940638996422,0.028144236408499224,-0.03890079497171512,0.018131147706058892,0.0609262268121523,0.030246376925163385,-0.05284940798624564,0.04649629263905884,0.09439827905078184,0.04133947075368899,-0.05797365129382662,0.029990445792012144,-0.05797585350341761,0.02061797088176899,0.13152357902067263,0.0268483203348532,0.07182454088273327,0.23388250958119614,0.1547952996932411,-0.14011847205287223,-0.024342278899701798],
    [0.09838172123686138,0.017031411534784328,-0.08838687897870727,-0.07372940638996422,1,-0.10381294319716958,-0.049805840312587474,-0.06368698536376058,-0.0028559383391711488,0.06194678852477551,0.195426219509264,-0.0053908544795592435,-0.045918807386602756,-0.032894417118545,-0.08137450382169241,-0.09117466404783958,-0.011227931783431563,-0.10479212523577382,-0.0015426807810853438,0.11857301310838508,0.09948821834328499,-0.13902995154687559,-0.12877709066891171,0.011291425032754501,-0.16041387151999253],
    [0.17300593634087522,0.055547558310032025,0.016593155465904605,0.028144236408499224,-0.10381294319716958,1,-0.02495175975766162,0.19012132072933136,0.19351204991977983,0.05367787004385456,-0.16586272230730634,-0.21088300934950477,0.15593514645913473,0.05026034439153575,-0.058384676940842206,0.07889098798657826,-0.18091193354140392,0.28903960067276935,0.18067619142202523,-0.05761003363686265,-0.02278115675389524,0.009438260628649971,0.18864470884764573,0.08639983108073111,-0.005695161528344783],
    [0.15029564744302631,0.04682671418822383,0.04762849476775999,-0.03890079497171512,-0.049805840312587474,-0.02495175975766162,1,-0.01231230512175813,0.0042678720675742325,0.14384587966461662,-0.04437718420597218,0.051643824208895364,0.21963728339770183,0.011065855921705288,-0.23128232103136773,-0.020644742925576883,0.0013066252369089075,-0.09249458043563459,-0.06532907192136359,0.15466912475767597,0.10274289006963479,0.07741836388629952,0.06660099315799341,0.012737093705563595,-0.03548501555724076],
    [0.023270581178222085,0.011834662838119733,0.05673352099015149,0.018131147706058892,-0.06368698536376058,0.19012132072933136,-0.01231230512175813,1,0.04804578963360611,-0.005171485296819422,-0.023541584323094618,0.041828174088392664,-0.0636075698029652,-0.047421674012207544,0.0608232093180255,-0.006672187991893609,0.060929892126853916,-0.1267315106125689,0.05073628146928267,-0.027397845511571962,0.0711971977293743,-0.0627563174486494,0.1401105700945205,-0.03521850335637963,0.011100296435634961],
    [-0.04789049723045742,-0.012760460239276296,-0.21975837117957994,0.0609262268121523,-0.0028559383391711488,0.19351204991977983,0.0042678720675742325,0.04804578963360611,1,0.167424574492771,-0.27622944358942697,-0.03619172931698434,0.05498526390147828,0.00326949000178919,0.04729622139482938,0.12031453960739566,0.07335711966836332,0.026442128741885822,0.018166510995977797,0.13753843138881797,0.04042708403854435,0.18064063090928048,-0.002741303702011796,0.018983064830813596,-0.12582281453220498],
    [-0.017413728552976505,-0.04065092914344344,0.11136147572520513,0.030246376925163385,0.06194678852477551,0.05367787004385456,0.14384587966461662,-0.005171485296819422,0.167424574492771,1,0.029574871478663722,0.11619060096708686,0.04186528081180458,-0.08752230777149325,-0.2245229833664017,0.0970813164466652,-0.21762225179315256,0.1109671519904203,-0.01616266954242407,0.07461890993522273,-0.02262267396476213,0.08679006089430158,0.043680428372519654,0.05236366741556012,-0.11581171908138901],
    [0.11016858875159366,-0.04294254376299799,0.012539188043572668,-0.05284940798624564,0.195426219509264,-0.16586272230730634,-0.04437718420597218,-0.023541584323094618,-0.27622944358942697,0.029574871478663722,1,0.1272855984692265,0.0258666618988421,-0.11079102572118023,-0.0331051112092269,-0.17335664318838265,0.024482782143619545,-0.16884441850877657,-0.0716414396535092,-0.06403938880022642,0.051849738933122703,-0.10170110210317222,0.019385806068015612,0.13700003249637596,-0.0608315045633232],
    [-0.021106483031339104,-0.025551972512941144,0.04608125503634806,0.04649629263905884,-0.0053908544795592435,-0.21088300934950477,0.051643824208895364,0.041828174088392664,-0.03619172931698434,0.11619060096708686,0.1272855984692265,1,-0.005922961761125732,-0.03881629732914345,-0.08076377318771351,0.0880485649554014,0.04785197904451522,-0.07376452647181088,0.2183097417283526,0.1745992716734377,0.18517529427952992,0.002515904022884048,0.18569473024419383,0.1253151413119378,0.07988044012193334],
    [0.20994583814721385,-0.06045709042828247,0.05655391620285321,0.09439827905078184,-0.045918807386602756,0.15593514645913473,0.21963728339770183,-0.0636075698029652,0.05498526390147828,0.04186528081180458,0.0258666618988421,-0.005922961761125732,1,-0.022664811056075884,-0.10453617705061953,-0.15455042201548289,-0.005264941246231269,-0.023453018026634454,-0.021934707556452184,0.10409086719315692,0.11659789520151409,0.04309452840912422,0.03891709837759714,-0.05254808091146951,-0.052175984084135145],
    [0.1426253121651032,-0.08975149966850567,-0.06147876177979134,0.04133947075368899,-0.032894417118545,0.05026034439153575,0.011065855921705288,-0.047421674012207544,0.00326949000178919,-0.08752230777149325,-0.11079102572118023,-0.03881629732914345,-0.022664811056075884,1,-0.014988571724796965,-0.15026305315173313,0.07515301450286287,-0.08293694506642266,0.13597439749466286,-0.09856235068344342,-0.04705714342586606,-0.1887229991925655,-0.15757187808985432,-0.02176468646951085,0.12165472962861618],
    [0.022584901335305534,0.07094883904556956,-0.12292658760876099,-0.05797365129382662,-0.08137450382169241,-0.058384676940842206,-0.23128232103136773,0.0608232093180255,0.04729622139482938,-0.2245229833664017,-0.0331051112092269,-0.08076377318771351,-0.10453617705061953,-0.014988571724796965,1,-0.04550152345162519,0.17572079932470178,-0.009452161526691137,0.01620665356809123,-0.1058523900594578,-0.15594285177900918,-0.054776376696609105,0.05265947576132642,-0.032749839540159864,0.0929925528395214],
    [-0.1136670493530514,0.12787720874375424,0.08814372751318404,0.029990445792012144,-0.09117466404783958,0.07889098798657826,-0.020644742925576883,-0.006672187991893609,0.12031453960739566,0.0970813164466652,-0.17335664318838265,0.0880485649554014,-0.15455042201548289,-0.15026305315173313,-0.04550152345162519,1,-0.0603720765786561,-0.1554383224022939,0.0008361452922077843,0.059133880986412694,-0.07071976027989553,0.2997354513651411,-0.14138861991871615,0.06298601775120691,-0.0073568523212069565],
    [0.04198183976676588,-0.03574021457606861,-0.06790296727592765,-0.05797585350341761,-0.011227931783431563,-0.18091193354140392,0.0013066252369089075,0.060929892126853916,0.07335711966836332,-0.21762225179315256,0.024482782143619545,0.04785197904451522,-0.005264941246231269,0.07515301450286287,0.17572079932470178,-0.0603720765786561,1,-0.016363804840003736,0.16663835939712013,0.07750496369581375,0.08076347792601736,-0.03505944146220276,-0.09831890991830644,0.009735872627334574,0.10940939545272638],
    [0.0709103791751493,0.06655051711300984,0.04911836711161586,0.02061797088176899,-0.10479212523577382,0.28903960067276935,-0.09249458043563459,-0.1267315106125689,0.026442128741885822,0.1109671519904203,-0.16884441850877657,-0.07376452647181088,-0.023453018026634454,-0.08293694506642266,-0.009452161526691137,-0.1554383224022939,-0.016363804840003736,1,0.06903820260015463,-0.17921305934781329,-0.13869594458156714,0.022570254735378756,0.02034841525312176,0.07798744562017669,0.08566102311319164],
    [0.11682448194989227,-0.05581384957835315,0.058461186826521856,0.13152357902067263,-0.0015426807810853438,0.18067619142202523,-0.06532907192136359,0.05073628146928267,0.018166510995977797,-0.01616266954242407,-0.0716414396535092,0.2183097417283526,-0.021934707556452184,0.13597439749466286,0.01620665356809123,0.0008361452922077843,0.16663835939712013,0.06903820260015463,1,0.1163246185265205,0.15036568598191963,0.03781804885091321,0.0018624058336919698,-0.11919349781313378,0.04869089644356841],
    [-0.07729253030474852,0.0011622394371970692,0.07246113923380663,0.0268483203348532,0.11857301310838508,-0.05761003363686265,0.15466912475767597,-0.027397845511571962,0.13753843138881797,0.07461890993522273,-0.06403938880022642,0.1745992716734377,0.10409086719315692,-0.09856235068344342,-0.1058523900594578,0.059133880986412694,0.07750496369581375,-0.17921305934781329,0.1163246185265205,1,0.08017081144867841,0.18940584133399269,0.08749600781541395,-0.07997731338359941,-0.05946410566751817],
    [-0.06784691083100956,-0.14856989755256236,-0.0525278271785624,0.07182454088273327,0.09948821834328499,-0.02278115675389524,0.10274289006963479,0.0711971977293743,0.04042708403854435,-0.02262267396476213,0.051849738933122703,0.18517529427952992,0.11659789520151409,-0.04705714342586606,-0.15594285177900918,-0.07071976027989553,0.08076347792601736,-0.13869594458156714,0.15036568598191963,0.08017081144867841,1,0.014804640679975212,0.09199097395595324,-0.012656650805031044,0.057508543445958675],
    [0.005854766405183606,-0.17626551604499344,0.10196192409434926,0.23388250958119614,-0.13902995154687559,0.009438260628649971,0.07741836388629952,-0.0627563174486494,0.18064063090928048,0.08679006089430158,-0.10170110210317222,0.002515904022884048,0.04309452840912422,-0.1887229991925655,-0.054776376696609105,0.2997354513651411,-0.03505944146220276,0.022570254735378756,0.03781804885091321,0.18940584133399269,0.014804640679975212,1,0.11955485453737727,-0.044684361166439854,-0.18461940303003582],
    [-0.06695139969798147,-0.03928412189410973,0.04035311684714776,0.1547952996932411,-0.12877709066891171,0.18864470884764573,0.06660099315799341,0.1401105700945205,-0.002741303702011796,0.043680428372519654,0.019385806068015612,0.18569473024419383,0.03891709837759714,-0.15757187808985432,0.05265947576132642,-0.14138861991871615,-0.09831890991830644,0.02034841525312176,0.0018624058336919698,0.08749600781541395,0.09199097395595324,0.11955485453737727,1,0.15557974032359187,-0.003359545264929429],
    [0.10024762147331927,-0.02039756487370156,0.1744028053376257,-0.14011847205287223,0.011291425032754501,0.08639983108073111,0.012737093705563595,-0.03521850335637963,0.018983064830813596,0.05236366741556012,0.13700003249637596,0.1253151413119378,-0.05254808091146951,-0.02176468646951085,-0.032749839540159864,0.06298601775120691,0.009735872627334574,0.07798744562017669,-0.11919349781313378,-0.07997731338359941,-0.012656650805031044,-0.044684361166439854,0.15557974032359187,1,-0.11268543158261328],
    [0.0445164756971804,0.12235381431100154,0.078376108361585,-0.024342278899701798,-0.16041387151999253,-0.005695161528344783,-0.03548501555724076,0.011100296435634961,-0.12582281453220498,-0.11581171908138901,-0.0608315045633232,0.07988044012193334,-0.052175984084135145,0.12165472962861618,0.0929925528395214,-0.0073568523212069565,0.10940939545272638,0.08566102311319164,0.04869089644356841,-0.05946410566751817,0.057508543445958675,-0.18461940303003582,-0.003359545264929429,-0.11268543158261328,1]
  ],

  "metric":"pearson",
  "predictionMethod":"userBased/collaborativeFiltering/simple",
  "numOfNeighbors":10,
  
  "predictedMatrix":
  [
    [4,0,4,3,5,2,4,2,5,5,0,2,3,0,3,4,5,5,0,5,0,1,2,4,1,4,0,5,1,5,2,5,1,0,1,5,0,4,3,3,1,0,5,1,0,2,4,1,2,2,2,5,5,5,0,2,0,5,1,4,4,4,3,1,4,0,0,0,0,4,5,1,2,2,5,1,4,5,4,1,1,3,4,3,2,2,0,2,3,2,2,4,1,4,0,5,4,0,4,0],
    [2,0,4,0,1,1.687606157798055,3,1,0,4,2,3,2,1,2,0,5,5,5,0,4,4,2.293518252862751,5,1,3,1,5,5,5,0,5,0,3,5,5,5,4,4,2,2.045543731891354,3,4,0,3,1,0,3,5,1,5,4,5,5,1,5,2,3,3,3.140958952336871,1,5,5,2,3,3,1,0,5,2,1,5,1,2,4,3,0,4,3,1,5,0,4,2,4,5,3,4,5,3,1,0,0,3,5,4,2,0,1,0],
    [2,3,4,1,1,2,4,3,5,0,3,4,3,4,5,0,0,1,3,1,1,2,0,5,5,0,2,2,0,0,1,5,3,5,5,4,5,3,1,3,0,2,1,4,4,2,4,2,0,0,1,0,4,4,4,1,1,1,4,2,5,5,1,1,4,4,4,1,0,0,2,1,5,0,3,3,3,0,2,2.2904195721271052,1,4,0,2,2,5,0,2,3,4,1,3,0,2,1,0,5,3,1,3],
    [2,1,2,5,4,5,5,0,1,1,0,0,5,3.259146289089593,4,1,3,3,2,2,1,2,4,3.9777676087781897,5,5,0,0,5,1,5,0,5,5,3,5,2.1301593448539653,4,4,3,4,1,0,4,3,4,4,5,5,2,5,0,3,4,2,0,3,1,3,2,4,0,2.626532563402498,4,5,1,3,2,0,3,3,2,5,1,2,0,1,5,5,4,5,3,1,1,3,0,5,1,5,0,1,3,2,2.2404721854792458,3,4,0,5,5,5],
    [2,3,1,0,5,4,2,5,3,5,2,5,1,0,3,1,3,4,3,5,1,1,5,2,4,2,3,1,0,3,5,0,3,3.1597624138524663,0,1,5,4,3,1.9124160183466683,3,4,2.973953480802259,0,2,3,5,2,4,3,0,2,5,4,2,3,3,0,5,0,5,2,2.6803810695633543,3,4,2,0,0,5,0,5,4,0,5,4,5,2,5,5,3,1,3,5,2,2,4,4,5,1,2,4,2,3,4,1,3,2,4,0,1],
    [4,0,0,4,4,2,4,2,4,2,0,1,4,4,0,4,2,1,5,3,2,2,4,5,1,0,2,5,1,5,2.071795857996675,4,4,1,1,4,4,2,0,3,3,1,0,1,2,3.0983314170943195,3,5,0,5,3,5,1,2,4,4,3,3,2,5,5,2,5,1,4,0,2,3,0,4,2.7723026590109856,1,4,1,4,4,5,4,5,2.7497175728958267,3,0,2,2.0882911001916464,2,5,5,1,3,4,1,1,0,0,4,0,0,1,1,1],
    [0,0,4,5,3,2,0,2,5,0,5,4,0,1,3,1,5,5,5,5,4,3,4,2,4,0,0,5,3,4,0,3,3,2,0,5,3,4,3,0,2,1,5,4,3,1,5,2,1,2,4,4,0,3,1,3,4,0,4,0,3,3,5,0,1,1,4,0,0,2,2,4,3,3,4,0,4,3,0,3,0,1,3,5,4,4,0,0,3,2,3,4,4,4,5,4,4,5,5,5],
    [4,2,1,0,3,4,5,0,1,0,2.289499309565575,1,0,3,5,3,1,1,1,3,0,1,1,4,1,4,1,4,0,2,1,3,3,1,2,1,0,5,0,1,4,1,0,0,3,3,5,5,1,4,4,3,3,0,3,2,1,2,3,1,2,2,5,1,0,0,3,1,2,1,0,0,2,1,0,5,3.6449323002413343,1,1,1,4,0,2,2,1,3,1,5,2,1,1,0,4,2,4,1,5,2,4,2],
    [5,4,0,1,3,4,0,5,0,4,2,5,3,5,0,4,1,5,5,4,4,0,4,5,0,0,1,5,2,1,2,5,1,3,0,4,0,3,3,1,5,1,0,1,0,5,3,3,4,4,4,3,0,2.5630007072794543,2.4085707497907873,0,5,3,0,2,2,0,2,5,5,3,3,2,0,3,1,3,3.673110124657654,3,2,5,0,5,0,1,4,2,2,3,5,2,5,0,2.6295158375519287,4,5,1,2,3,2,2,1,5,5,2],
    [2,2,0,1,5,4,1,5,0,1,0,2,3,3,1,3,2,0,3,4,3,0,0,5,2.2333560441263947,4,4,4,4,0,2,4,1,5,0,1,5,1,5,5,4,2,4,3,0,3,5,0,4,4,4,1,0,2,1,0,5,0,1,1,2,5,3,1,3,2,4,0,1,2.3434476359671166,2,2,4,0,5,2,4,0,3,3,0,0,3,4,4,4,0,3,3,0,3,4,1,4,4,1,2,5,0,2],
    [4,2,4,2.042412545438633,2,0,4,5,2,4,5,3,3,0,2.949622989558659,4,2,1,1,1,0,3,5,1,4,5,4,4,3,1,4,1,1,5,0,2,2,0,1,1,0,4,5,0,5,0,5,0,5,1,1,1,5,1,0,1,2.729378482776809,1,4,4,4,0,2,1,0,0,5,2,0,0,4,1,0,2,1,0,3,2,3,0,4,1,3,3,0,2,0,5,2,2,2,3,1,2,2,3,2,2,0,1],
    [5,5,5,5,1,1,5,5,0,1,4,3,2,2,3,2,4,1,5,4,3,1,3,3,4,3,3,3,2,1,0,0,0,0,5,0,2,2,3,3,3,0,4,3,4,3,5,2,5,2,5,4,4,0,2,0,4,3,2,0,2,3,1,2,2,5,3,2.5405582218288023,0,2,1,1,0,2,5,2,2,5,3,4,1,5,1,0,2,4,5,5,4,0,1,5,2,5,4,5,5,3,1,4],
    [4,1,5,4,3,3,1,3,3,1,4,2,5,3,3,5,4,1,4,5,0,1,5,0,2.0402818679428094,0,0,4,2,5,2,1,2,4,5,5,2,5,4,1.9730165086057962,2.2743147466222586,4,5,1,2,4,5,1,2.277316881710446,4,2,1,1,3,5,2,1,3,1,3,5,5,4,3,5,0,3,0,1,4,2,4,4,1,0,0,4,3,1,5,0,3,3,5,2,2,5,3,5,4,5,3.1072971514128582,0,1,3,4,3,2,3,2],
    [0,4,1,5,5,2,4,0,3,1.1798559679240117,1,1,2,0,5,0,1,1,3,1,5,1,1,0,5,2,4,3,1,3,0,5,0,2,2,4,2,2,5,0,2,0,1,4,5,0,2.9693714238081066,1,0,4,4,2,3,1,0.5845515036764969,1,3,4,0,4,5,1,3,5,5,1,3,4,5,3,3,0,1,4,0,5,5,4,5,2,0,2,4,5,4,1,4,0,1,1,4,2,1,5,0,5,2,0,5,1],
    [2,4,3,1,0,0,1,1,4,2,2,1,2,3,2,5,0,2,3,0,1,2,1,4,0,1,4,2,4,0,5,0,1,1,2,4,1,5,0,1,0,3,1,0,3,3,0,3,4,4,3,3,1,5,4,4,1,5,0,1,0,2,0,4,1,2,4,0,5,3,1,0,0,3,3,2,2,4,3,3,5,5,4,4,0,2,0,3,3,0,0,0,3,5,0,1,0,0,5,1],
    [3,2,5,1,2,1,1,2,1.697498945297651,5,1,2,3,5,2,0,2,2,5,1,2,4,2.5707023789161445,5,4,1,1,0,3,5,5,0,1,0,0,2,5,2,3,2,2.9064762431993234,1,2,1,1,3,3,3,1,1,5,1,1,1,0,1,5,4,0,2,0,5,5,5,1,4,2,5,0,1,0,4,5,2,4,4,1,0,4,0,3,2,0,0,4,4,2,3,3,1,2,1,1,2,1,0,5,3,3,3],
    [4,5,5,2,4,4,0,1,3,0,3,5,4,0,5,2,4,4,2,0,5,2,1,2,0,1,3,4,3,3,3,0,1,2,4,1,0,1,1,0,3,5,1,2,0,1,5,3,2,1,3,5,5,4,1.8657186328988815,0,0,5,1,2,4,0,1,5,2,0,3,4,5,2,0,4,0,2,4,2,4,4,4,1,4,4,3,4,0,1,2,2,4,5,4,2,3,4,3,1,5,5,4,5],
    [4,0,0,5,4,2,0,3,2,1,0,4,1,4,4,3,3,3,5,3,1,0,3,5,0,1,3,4,3,3,3,5,4,4,2,1,1,0,1,5,5,5,2,5,2,3,0,3,0,0,3,2,5,4,2,2,1,3,0,4,4,5,0,1,3,4,2,4,5,3,4,0,5,4,4,0,2,4,3,5,4,1,3,3,1,5,4,0,5,2,0,4,2,2,5,2,0,1,1,1],
    [1,5,3,5,2,1,5,4,2,0,1,1,5,0,1,0,5,1,4,2,2,1,3,5,0,3,3,3,1.8863215240627587,3,3,4,1,0,5,5,0,3,1,0,2,3,0,4,0,5,3,3,2.491422987305027,4,4,1,3,0,1,1,0,3,4,0,5,4,1,3,4,1,3,5,2,2,5,1,2,1,5,2.205148555077171,4,5,4,2.946511924706196,3,1,4,0,1,5,4,1,2,0,5,1,4,2,0,1,4,2,1,5],
    [3,5,3,1,2,1,3,2,2.1303155104221108,0,2,3,3,3,2,3,5,1,2,4,2,0,5,5,0,0,0,0,0,3,0,0,0,5,3,2,4,0,0,0,3,1,0,3,4,0,5,0,5,1,3,3,0,2,1,2,2,0,4,0,1,2,4,3,1,4,0,0,3,4,2,5,3,1,2,3,2,4,1,3,0,1,0,0,2,0,0,0,2.39764935755404,2.1842271268732483,5,1,2,4,0,1,2,2,1,4],
    [4,3,1,5,5,5,5,1,1,2,3,2,4,4,2,3,5,4,5,4,3,5,5,3,2,1,4,3,2,2,3,3,0,0,5,2,0,4,5,3,1,5,0,0,4,1,4,4,3,4,2,1,2,1,0,1,4,1,3,0,3,1,2,1,2,1,2,2,1,0,1,5,1,4,0,1,4,3,1,5,0,3,3,2,1,1,3,2,1,3,0,5,4,1,0,1,5,5,0,4],
    [4,1,1,4,1,2,2.453445883605652,1,3,5,4,4,1,4,3,4,5,0,5,0,0,2,3,5,0,2,1,2,4,3,5,0,3,2,1.9429706459885985,3,2,1,4,0,3,1,2,4,0,4,4,3,3,0,4,1,2,4,4,0,4,0,2,1,0,3,3,2,5,4,2,1,0,5,4,0,5,4,3,2,2,1,4,3,3,2.1764488278191747,0,1,4,0,0,1,0,3,4,4,0,0,1,0,5,5,5,5],
    [1,3,0,4,1,3,5,3,1,0,5,2,0,5,3,5,5,3,5,1,0,2.123025271029825,1,5,0,1,0,5,4,0,0,0,5,3,4,4,5,2,0,5,1,0,2,1,3,1,4,3,2,2,0,3,0,3,1,3,3.117755588090148,3,3,3,2,0,3,1,2,1,3,4,0,5,4,0,2,1,1,1,4,3,2,5,3,4,4,0,4,0,5,5,2,0,1,1,2,5,5,1,3,5,1,2],
    [3,4,5,0,1,3,2,4,0,5,3,4,0,2,3,3,2,2,3,5,3,4,0,5,5,0,1,5,1,3,3,4,4,1,0,1,4,1,0,5,0,2,5,1,5,2,1,1,0,2,4,1,4,3,4,0,4,4,3,2,3,2,2,1,4,0,4,3,2,5,2,1,1,1,2,1,3,4,3,1,2,2,2,1,1,0,3,0,3,3,0,4,2,4,2,0,3,3,0,2],
    [2,2,4,3,2,2,5,2,4,0,3,0,1,2,1,0,0,3,3.590384959688648,2,2,0,2,3,2,2,3,2,5,5,2,4,0,5,5,4,0,0,1,5,3,4,0,1,3,0,1,5,2,2,0,1,4,1,2,1,1.6839279166808125,5,2,5,0,4,5,3,4,4,2,2,2,0,0,3,0,5,5,3,5,2,2,2,0,5,5,1,0,2,2,1,3,2,0,2,2,4,5,4,2.9567050882191483,2,5,4]
  ]

}