{
  
  "utilityMatrix":
  [
    [5,2,1,5,5,0,1,2,4,3,1,0,4,4,2,1,1,2,2,0,0,2,3,0,2,1,5,1,3,0,2,1,0,5,4,3,3,4,5,2,0,4,1,1,4,5,0,0,0,5,4,2,1,2,2,0,3,0,2,2,5,3,0,2,2,0,4,2,2,5,1,2,4,4,0,1,4,1,null,0,0,3,5,0,0,3,4,1,5,2,0,1,1,3,1,1,0,4,3,4,5,2,5,null,5,5,2,5,4,1,1,5,0,3,1,2,5,2,3,5,3,2,2,3,2,1,3,4,2,3,3,1,1,1,0,1,2,2,1,2,0,2,4,null,2,2,4,1,3,1,2,3,1,5,0,3,2,1,2,1,3,1,3,4,0,5,1,3,3,2,1,3,5,3,1,5,1,5,3,4,3,0,2,3,3,3,5,0,5,2,0,3,0,2,0,5,5,1,2,0,4,4,5,0,2,3,5,1,3,3,0,3,4,0,2,5,2,5,2,1,2,2,2,4,0,4,5,3,5,1,1,5,3,1,4,3,3,4,5,3,5,2,2,5,4,0,2,1,5,5],
    [5,3,5,0,0,3,0,5,1,5,5,4,2,5,3,5,4,3,2,4,5,2,4,5,3,1,0,0,1,0,1,4,1,3,4,5,4,5,2,4,5,1,4,2,2,3,1,2,0,2,4,5,1,3,2,2,3,5,1,2,3,3,3,2,2,4,2,5,4,4,0,0,0,5,3,3,0,4,4,3,1,1,0,3,1,2,0,null,3,5,1,4,3,4,1,0,4,4,5,2,2,4,1,5,4,5,1,5,1,2,1,0,1,4,3,0,3,4,4,4,4,4,1,1,null,5,1,1,4,2,0,0,2,2,0,2,2,3,5,5,1,2,5,1,3,4,0,1,5,4,3,4,null,2,1,1,4,3,2,0,2,0,5,3,5,1,2,1,2,5,2,3,1,2,3,1,1,4,3,0,0,3,5,3,5,3,5,2,2,4,2,5,4,1,5,3,5,4,4,1,4,5,2,5,0,5,5,0,4,2,0,1,3,4,3,1,3,0,3,2,2,0,2,4,5,1,5,3,5,4,1,1,1,1,4,0,2,0,2,2,0,2,4,1,4,1,0,4,4,1],
    [2,1,1,2,2,2,0,0,0,0,0,4,5,3,4,0,3,2,3,4,2,2,0,4,4,4,3,2,2,0,5,5,2,1,3,4,4,0,2,5,3,3,5,4,1,4,4,3,4,4,1,1,3,1,1,0,5,0,4,0,0,null,1,1,4,2,3,5,3,2,4,0,0,5,1,0,4,1,4,2,2,1,5,0,4,3,3,0,1,1,3,5,5,3,0,2,3,3,3,4,2,2,2,5,3,4,5,1,4,1,3,3,1,0,3,1,2,0,5,0,3,2,3,5,5,3,5,4,5,4,5,4,2,3,0,5,0,5,0,3,4,1,4,4,5,5,3,1,1,0,1,1,3,3,0,3,3,5,0,3,4,3,1,0,4,0,5,0,1,5,0,4,4,4,3,1,3,1,null,0,0,2,4,2,2,1,0,0,5,0,5,4,3,5,3,3,2,0,2,2,5,2,0,0,4,4,5,2,1,0,5,0,2,1,1,1,0,2,0,2,2,4,4,3,0,1,2,5,2,2,5,3,1,2,0,1,2,0,0,5,0,5,1,1,0,2,3,3,1,0],
    [1,5,0,1,2,5,4,1,5,4,2,5,2,2,0,1,0,1,1,5,0,2,2,3,5,4,2,1,0,0,3,3,0,1,3,4,4,4,5,4,4,1,0,5,3,3,5,3,1,0,5,1,5,0,0,3,4,null,5,3,0,3,4,4,1,4,0,3,0,3,0,1,1,3,0,2,5,0,3,1,3,3,0,2,0,3,1,0,1,5,1,2,3,4,0,1,2,0,4,4,1,4,5,3,0,1,3,1,1,0,1,1,1,3,0,1,0,3,5,0,0,1,1,3,5,4,2,4,5,2,0,5,0,5,2,5,4,3,4,3,5,0,1,3,0,2,5,4,2,2,0,null,5,2,3,1,2,1,1,2,4,3,1,5,1,1,1,4,2,5,2,0,3,null,5,0,1,3,0,4,2,0,4,5,5,1,null,3,3,4,2,2,2,0,0,0,0,4,3,5,5,5,4,2,0,3,2,5,1,4,4,3,3,5,3,2,1,3,1,1,4,0,5,4,3,5,5,4,5,5,0,2,0,5,2,0,0,4,1,2,3,1,1,3,0,0,null,1,0,3],
    [5,0,0,0,0,3,3,3,3,3,2,4,2,5,1,0,4,3,0,5,2,1,5,2,3,1,3,4,4,1,4,2,5,1,3,3,1,0,4,2,1,3,0,5,4,5,1,4,null,1,0,1,3,1,0,5,5,3,3,1,0,1,3,0,1,2,0,5,3,1,0,3,2,5,5,1,5,2,null,0,1,3,5,1,3,3,3,5,5,0,1,2,5,5,5,0,2,3,0,3,1,2,2,3,1,null,3,2,1,0,5,1,2,3,4,0,5,1,2,1,2,2,4,2,4,2,2,1,0,5,1,3,5,0,3,0,1,4,5,2,2,0,4,1,5,0,4,2,2,3,1,3,1,5,1,4,0,2,0,0,1,4,3,4,2,1,1,0,5,1,2,1,2,3,1,3,3,1,4,5,3,2,5,5,4,2,3,3,4,2,2,3,1,0,3,2,5,1,4,5,1,3,5,3,4,null,2,3,4,3,3,5,3,3,5,2,3,3,5,0,5,4,3,5,3,5,0,3,2,0,4,4,3,5,1,1,3,0,5,4,5,3,3,5,5,4,4,3,3,0],
    [4,1,3,4,4,5,0,0,5,0,4,1,3,1,2,4,3,1,2,0,2,0,3,5,2,2,2,null,5,1,0,0,2,0,1,0,4,5,5,4,5,1,4,3,5,0,4,1,1,2,2,4,1,1,0,2,0,1,1,1,1,2,2,5,2,0,3,0,3,3,3,5,5,0,2,2,4,0,2,3,5,4,1,5,5,3,1,1,2,5,5,2,2,4,5,1,0,2,4,3,1,3,0,0,5,1,0,2,5,4,1,3,0,0,3,1,1,0,5,1,2,2,2,4,4,0,4,0,0,2,5,1,5,1,1,4,4,0,3,1,1,5,3,3,0,1,1,4,2,3,2,0,2,3,2,1,0,3,4,null,1,1,2,1,5,4,3,0,0,1,5,2,3,4,4,0,2,4,5,4,1,2,1,3,1,5,5,2,4,4,5,3,0,4,1,2,5,5,3,0,5,1,4,5,3,0,4,2,2,4,5,2,1,4,2,3,3,4,5,4,5,5,5,4,5,0,5,2,2,3,2,3,4,5,1,4,3,3,1,0,0,1,5,1,3,1,5,0,3,5],
    [5,4,0,2,2,3,3,5,1,2,3,0,1,0,0,0,4,2,0,2,0,1,1,0,1,0,0,3,2,3,0,1,3,2,0,3,5,5,4,0,1,2,5,5,4,5,4,5,4,0,3,2,2,5,2,4,5,1,2,1,5,0,2,3,1,0,2,2,1,3,2,5,3,1,5,4,0,3,5,3,4,0,1,0,1,1,5,4,1,4,2,3,2,1,0,5,3,1,0,3,2,2,0,4,1,0,0,4,0,5,3,1,0,4,2,3,1,5,5,0,0,3,2,5,3,1,4,2,5,0,null,2,3,3,3,2,3,2,2,0,2,4,0,2,1,5,4,5,2,2,1,4,3,2,1,2,2,1,2,5,2,3,2,3,5,0,2,2,4,0,3,1,1,3,5,3,0,2,5,5,5,2,5,5,2,2,5,2,4,1,3,2,3,3,1,1,2,5,2,3,0,2,3,2,4,2,5,2,1,5,0,3,2,2,3,5,3,3,5,5,1,3,0,0,0,4,1,1,4,3,3,0,4,4,4,5,1,4,0,4,1,4,5,3,2,4,3,1,2,2],
    [0,5,0,0,1,2,4,0,5,2,3,3,2,3,2,5,3,3,4,5,2,2,4,5,0,5,3,5,5,3,1,5,1,2,1,0,4,0,4,5,4,4,5,0,5,5,4,2,1,2,1,5,5,1,5,0,0,4,0,5,1,0,4,3,0,1,2,0,4,4,3,0,4,4,5,4,5,1,1,1,1,2,2,2,0,2,4,4,0,0,0,3,0,2,4,1,3,3,0,1,2,5,2,4,1,5,1,5,3,5,3,2,3,5,1,4,0,5,3,4,3,1,2,3,5,3,3,4,2,2,1,2,2,2,5,1,1,0,3,3,1,1,2,2,1,2,3,5,3,null,4,4,2,3,2,2,1,0,0,1,5,0,0,2,2,5,5,1,1,0,5,4,3,3,1,1,1,0,1,3,5,1,0,3,5,1,4,4,5,3,0,5,0,5,5,0,5,0,5,0,2,2,1,5,3,5,2,0,0,3,0,3,4,0,2,0,4,2,0,0,2,1,1,5,2,4,3,1,0,5,3,3,0,null,4,4,1,2,4,4,0,0,5,1,5,0,2,2,1,3],
    [0,2,0,4,0,3,1,5,3,0,5,3,1,3,0,2,5,5,3,2,3,4,0,1,1,3,0,2,4,3,1,1,3,0,4,4,5,4,2,0,0,4,5,4,1,0,2,1,3,1,2,0,1,1,5,2,1,5,1,3,5,1,3,4,1,4,5,4,4,0,2,3,3,1,5,null,1,1,1,5,5,1,5,5,5,2,0,5,0,4,4,0,2,5,2,3,3,0,4,4,4,3,1,3,2,5,1,1,5,2,0,1,4,0,3,1,0,1,2,4,1,4,3,0,0,5,0,5,2,5,1,5,0,0,0,4,4,3,5,5,4,5,2,4,5,1,5,2,0,5,3,2,3,5,4,0,4,5,0,0,1,2,2,5,0,0,5,4,3,5,1,2,5,0,0,1,1,4,5,0,5,0,5,2,3,0,3,0,5,4,0,5,2,3,4,0,4,5,5,1,3,5,2,2,4,4,2,1,5,2,3,5,1,5,1,2,4,3,0,4,4,4,4,2,0,5,5,4,4,5,2,3,4,4,5,3,4,3,2,1,5,0,0,1,3,3,0,1,1,4],
    [4,2,4,0,4,4,3,3,0,4,3,0,3,2,4,4,1,3,3,1,1,4,0,5,3,2,2,1,5,null,5,0,1,4,3,3,2,4,1,0,0,2,4,3,4,1,5,3,4,0,3,2,2,2,5,5,3,2,1,0,2,2,0,0,2,1,2,2,4,1,2,4,3,5,2,4,4,1,4,0,0,0,2,1,2,1,3,5,0,5,0,null,1,2,1,0,3,2,4,5,1,null,1,5,1,3,0,3,3,1,2,4,3,4,0,1,4,3,2,4,0,5,4,3,2,0,1,5,5,5,null,3,2,0,0,0,4,3,5,5,2,2,5,0,3,5,4,4,5,5,2,1,3,3,3,3,3,5,2,2,3,2,4,3,4,5,4,1,4,4,5,4,4,4,0,0,5,5,2,null,4,3,3,1,4,5,4,0,4,4,1,1,4,0,0,3,1,4,5,5,5,0,3,0,5,0,4,2,0,2,0,4,3,5,1,3,3,2,3,2,3,0,4,0,2,0,1,3,0,0,5,5,2,4,3,1,3,3,5,2,0,0,4,5,0,3,1,5,4,5],
    [0,0,0,4,4,3,2,4,0,5,3,0,3,5,0,3,3,5,0,4,5,2,1,0,3,0,1,5,0,4,4,3,5,5,1,0,5,5,3,2,3,3,3,1,0,1,5,5,4,4,2,3,4,1,5,2,4,3,3,4,5,2,4,1,0,4,4,5,5,3,2,2,4,4,1,2,3,2,3,3,3,2,4,1,0,4,0,4,5,4,2,2,1,3,4,3,0,0,3,4,2,0,3,2,3,3,4,3,3,1,4,0,2,5,2,1,0,4,2,1,1,0,2,0,5,3,3,4,1,1,3,0,1,2,1,4,0,4,3,0,1,3,1,3,5,1,4,4,1,5,3,1,3,0,2,5,1,2,2,5,3,2,4,5,2,null,0,4,1,1,1,1,1,2,0,5,3,5,2,3,4,0,2,2,0,3,0,2,1,3,2,3,3,2,5,2,5,5,2,4,5,1,3,1,0,4,1,0,3,3,5,1,2,0,0,0,1,2,1,0,5,3,1,2,2,0,0,4,0,4,3,5,0,4,0,1,3,2,1,4,4,1,2,3,5,4,5,1,2,3],
    [3,2,1,5,3,1,4,5,1,1,3,4,0,1,1,4,0,0,4,0,1,4,5,2,3,2,2,3,4,1,1,5,0,4,5,1,0,2,1,4,1,0,0,0,1,2,5,3,4,4,2,3,2,3,4,2,2,3,2,4,2,2,4,4,4,4,5,0,4,5,1,4,0,5,4,1,5,1,1,1,4,3,5,2,5,0,5,0,3,3,3,0,0,0,3,0,0,1,0,1,0,2,5,3,2,3,2,3,3,3,3,4,2,2,4,0,4,2,5,4,1,4,1,0,3,2,1,3,0,2,5,3,1,3,0,4,0,5,2,2,4,0,1,2,1,4,3,3,3,5,0,0,2,4,4,5,3,4,4,1,2,0,1,5,0,4,1,2,3,1,5,4,0,5,4,1,0,5,2,2,1,1,0,3,2,3,4,5,2,5,3,2,1,3,0,1,0,3,4,2,4,4,0,2,0,3,2,1,3,0,4,4,1,4,5,4,2,2,5,2,1,2,3,2,3,5,0,4,2,0,0,4,4,1,2,3,2,5,1,5,0,4,1,3,0,2,1,1,5,3],
    [2,2,2,2,4,0,2,2,4,5,5,3,1,1,1,2,1,3,1,2,2,0,0,1,2,2,0,3,3,2,5,5,2,1,2,0,4,null,1,1,4,0,3,3,5,0,5,1,4,4,3,4,2,1,0,null,4,1,4,0,0,2,0,5,4,4,4,3,1,5,4,1,4,3,5,0,5,3,5,4,4,1,2,0,1,3,0,5,2,4,1,4,2,2,5,2,2,5,3,4,1,null,2,3,1,2,4,1,2,5,4,5,1,2,2,1,2,0,5,1,3,4,0,1,4,5,4,2,5,2,5,0,1,1,2,3,2,1,0,3,5,1,0,1,3,1,0,3,5,1,3,1,5,4,2,1,2,1,5,4,5,2,2,1,0,3,3,1,3,1,0,1,3,1,5,2,3,1,1,2,2,5,1,4,4,5,3,5,4,0,3,4,5,1,3,1,0,0,1,1,0,1,5,1,4,0,5,0,2,5,3,3,3,3,2,4,4,0,3,4,4,2,1,1,2,2,4,4,1,3,1,0,3,2,4,0,4,5,0,1,1,3,0,5,2,2,1,3,3,0],
    [3,0,2,3,1,0,5,1,4,1,3,0,0,2,2,4,0,3,2,1,1,2,0,4,2,4,5,0,2,5,2,1,0,3,4,0,1,3,2,1,2,2,5,1,2,3,3,2,5,0,1,5,1,1,3,0,4,0,4,null,1,0,2,3,4,5,4,4,3,2,4,2,1,5,0,5,0,0,5,1,2,5,3,2,0,3,3,0,4,3,1,1,5,1,3,1,4,5,4,3,0,2,3,0,4,4,3,4,0,0,5,1,4,5,3,3,0,3,5,2,1,1,1,4,3,5,3,1,4,1,5,0,2,1,4,4,3,2,1,4,2,2,4,0,5,3,4,2,5,0,4,0,5,2,1,1,4,0,1,0,5,3,2,3,3,0,4,3,0,2,0,3,2,2,3,3,2,3,1,5,4,4,1,4,2,3,1,5,0,0,3,3,3,4,1,5,3,3,1,3,5,0,0,4,2,0,5,2,0,4,1,2,3,5,0,2,0,4,5,5,4,5,4,0,0,5,3,2,2,4,2,4,1,4,5,5,2,2,1,1,1,1,1,2,2,5,1,3,3,5],
    [0,4,4,4,1,5,4,1,0,5,1,5,1,2,0,3,3,1,2,5,1,4,5,2,4,3,5,0,3,3,2,5,1,4,2,3,2,5,5,1,3,5,5,4,3,4,5,5,4,3,5,4,2,1,0,2,0,5,4,0,4,5,2,3,5,1,2,0,5,1,1,0,3,2,3,5,3,4,4,5,3,5,2,2,3,0,0,0,2,2,4,0,5,3,2,2,2,3,5,1,3,1,0,2,0,0,1,2,0,3,2,4,4,0,3,0,3,1,1,2,3,2,1,2,5,0,4,4,4,0,0,2,0,3,1,2,5,2,1,0,3,5,2,4,1,1,2,5,0,2,3,3,3,2,0,4,2,4,5,0,4,3,4,5,3,3,5,2,5,1,4,1,null,2,1,0,4,4,3,2,3,4,0,1,5,2,0,0,3,0,4,3,3,3,5,2,1,3,5,5,5,0,1,2,0,1,4,1,4,1,3,0,0,4,1,1,2,3,0,0,4,3,3,5,5,1,0,0,2,5,1,0,0,3,1,5,1,4,2,5,1,0,2,2,3,3,4,4,5,0],
    [4,3,5,3,1,1,5,0,0,3,0,0,5,2,2,3,1,2,0,3,4,1,5,2,3,4,0,5,2,2,4,1,3,5,1,1,null,1,5,4,3,1,1,4,0,1,1,0,3,1,3,0,4,1,1,1,3,2,3,3,4,1,2,1,4,0,4,3,5,3,5,3,5,5,3,4,0,1,0,4,0,2,2,0,5,5,1,0,2,4,null,0,3,5,5,3,3,1,2,5,5,0,0,0,4,5,1,3,3,5,4,0,0,4,2,2,3,1,3,1,4,1,5,2,0,0,1,5,3,0,1,0,1,4,1,1,5,0,5,4,2,4,5,1,1,2,4,3,0,4,3,2,4,3,2,0,1,0,4,4,1,0,1,0,4,5,4,4,2,null,1,2,3,1,3,3,5,3,5,5,5,2,1,1,4,2,2,1,2,4,1,5,0,5,5,4,4,1,4,2,2,5,3,2,4,1,4,2,2,2,2,3,0,4,1,0,4,3,4,0,2,4,0,0,4,5,0,5,4,4,4,5,5,null,5,0,3,5,1,4,null,4,5,5,4,5,1,5,3,3],
    [2,5,0,0,3,2,5,4,2,1,3,4,5,null,3,4,4,1,3,0,3,4,2,3,5,0,2,3,null,5,0,1,2,2,3,2,0,3,0,0,4,2,3,3,4,1,0,4,5,3,2,0,1,3,3,2,0,1,0,1,4,1,0,2,0,0,2,1,3,3,0,5,2,5,4,2,0,5,3,2,1,0,1,0,2,5,0,2,5,2,5,5,4,2,1,2,3,2,5,5,4,4,0,4,4,2,0,2,2,2,4,3,5,4,0,0,3,4,2,4,3,5,5,4,4,4,3,4,5,4,4,4,3,0,1,3,4,1,3,5,0,3,4,3,4,0,2,2,3,1,0,2,5,5,5,2,0,0,5,5,0,2,1,0,3,4,3,2,3,4,3,0,1,3,2,3,2,5,2,3,1,1,4,1,1,2,1,0,5,0,1,3,0,5,2,4,1,5,3,4,2,4,4,4,1,5,0,4,3,3,3,2,0,1,1,1,0,2,2,2,4,5,1,5,0,1,1,2,2,4,0,2,2,5,3,0,5,2,3,0,4,4,4,4,0,3,1,3,4,2],
    [1,4,0,4,1,3,5,3,1,0,3,2,2,4,4,1,0,1,4,1,5,0,2,3,4,1,4,5,5,0,2,1,5,4,5,3,0,2,3,1,4,0,3,5,0,4,3,2,3,5,1,0,1,5,5,4,2,5,5,2,null,3,4,0,5,4,4,3,3,4,4,1,0,3,3,5,5,3,0,5,0,4,4,0,0,4,2,4,5,1,5,3,0,1,3,0,2,0,1,5,1,3,4,2,0,2,0,5,4,0,4,3,3,1,2,2,2,4,2,4,4,3,1,3,0,3,3,5,1,2,1,3,2,2,3,1,2,0,2,1,0,4,0,1,3,2,0,1,1,3,1,4,4,0,2,4,4,3,5,3,3,5,1,2,4,0,5,2,3,2,1,5,2,0,3,5,1,4,4,0,2,2,4,5,2,0,0,0,3,4,3,2,1,2,5,0,0,3,1,0,0,1,1,4,2,3,1,3,2,1,0,1,4,1,0,1,5,2,1,0,0,1,1,4,5,3,1,5,4,3,3,4,4,2,5,4,0,0,4,0,5,0,3,3,0,null,3,4,0,3],
    [5,3,2,1,3,2,3,0,2,1,5,3,1,5,2,4,1,3,0,3,4,0,5,4,3,2,5,5,3,1,3,5,0,1,null,4,3,0,3,4,4,2,2,5,3,2,3,4,1,3,1,0,5,0,1,1,1,4,0,0,4,1,0,1,4,3,2,2,1,4,5,1,2,4,0,5,1,4,1,1,5,0,4,1,2,2,3,4,3,5,2,4,5,0,3,3,5,0,0,5,3,0,2,4,4,3,1,1,4,4,1,5,1,5,5,1,0,4,5,4,5,0,4,1,0,2,5,null,5,1,5,1,3,4,2,2,0,5,4,5,2,3,3,2,0,0,1,1,3,5,5,3,0,0,2,4,3,5,1,3,4,0,5,4,3,4,5,3,2,0,4,0,2,3,1,5,0,2,4,1,2,1,5,1,5,3,0,0,0,5,5,0,2,4,3,5,1,1,2,3,5,3,5,1,3,5,5,1,1,5,1,0,5,5,1,0,2,1,2,4,5,2,3,2,5,3,4,1,3,3,3,5,5,4,3,1,3,5,4,5,1,1,0,3,4,0,3,0,0,1],
    [1,0,4,5,4,5,0,3,3,0,4,1,4,0,5,4,3,3,1,1,2,5,3,1,4,2,2,5,2,0,1,2,2,4,4,1,4,5,5,1,5,2,3,0,3,1,2,4,4,2,2,4,1,0,0,3,0,1,3,4,3,5,5,4,1,0,5,null,0,4,1,4,2,3,2,2,3,3,5,2,4,4,4,1,2,5,3,5,2,0,4,4,4,0,1,2,2,2,2,0,2,0,3,0,2,2,1,1,5,0,2,1,2,4,0,1,4,5,3,2,2,2,1,3,2,5,2,3,0,3,1,4,4,1,4,5,1,2,3,1,2,0,0,4,4,4,2,5,4,2,4,3,0,4,0,5,5,2,0,0,2,5,5,null,4,3,1,5,2,1,2,5,3,5,3,2,4,4,0,0,4,4,4,1,3,2,5,5,1,1,1,2,0,2,1,1,2,3,1,0,2,4,5,1,3,4,5,1,3,0,0,5,5,3,0,2,3,2,2,3,2,0,3,1,4,1,4,4,3,2,2,2,0,3,3,4,4,2,0,0,0,2,4,3,3,1,2,1,4,0],
    [3,1,3,2,4,4,4,4,2,3,2,3,3,5,3,2,0,4,0,5,2,4,1,5,1,0,0,2,1,1,5,0,3,1,4,0,5,3,1,5,1,5,1,5,5,2,5,4,4,0,3,4,3,0,1,3,2,4,4,2,3,4,2,1,2,5,1,0,4,0,1,3,1,5,4,1,4,0,4,4,2,5,3,2,3,3,5,2,0,4,1,0,3,1,5,3,4,3,2,5,2,3,2,5,4,5,4,0,4,4,2,2,1,1,5,5,5,4,3,1,3,5,4,1,1,0,3,0,2,4,3,3,5,1,4,2,2,0,3,5,2,0,2,0,4,1,4,3,5,3,0,0,0,0,3,4,2,2,4,5,0,2,5,1,0,4,0,3,0,3,0,3,2,1,5,5,0,1,5,0,3,3,5,4,2,1,5,3,3,0,2,2,4,0,4,5,3,5,0,2,2,2,2,2,5,3,3,5,5,1,4,1,1,3,0,1,5,2,4,2,0,2,3,0,1,4,2,3,0,4,5,5,0,2,0,3,0,4,3,2,0,2,2,2,3,4,2,4,3,1],
    [3,3,4,5,5,0,4,5,1,0,5,2,3,1,2,5,1,0,1,4,1,2,4,5,3,2,3,4,1,1,3,5,0,0,2,0,2,5,0,5,5,3,1,3,0,0,3,4,0,2,1,5,3,3,4,4,0,null,4,1,5,1,3,0,3,4,5,3,4,1,3,3,3,1,2,2,3,3,3,4,1,0,5,0,3,0,5,4,0,2,4,1,4,3,3,0,0,2,4,4,4,1,4,4,0,1,5,3,5,2,5,4,3,4,null,4,4,5,1,4,4,0,3,2,2,0,5,2,4,3,1,3,1,1,0,0,5,5,5,null,5,5,2,0,5,4,3,4,4,0,2,1,5,3,3,3,4,5,4,0,4,5,2,4,4,0,4,4,0,1,5,0,null,1,0,1,0,5,3,4,3,0,2,4,3,5,4,1,4,4,1,0,3,3,2,5,1,0,0,3,2,3,2,4,3,0,0,2,1,0,3,4,3,1,1,2,3,4,5,3,1,5,4,3,0,4,5,5,3,3,2,1,3,2,2,4,3,2,4,1,5,5,2,2,5,0,2,0,3,4],
    [2,4,4,1,3,3,3,5,0,5,5,5,null,2,0,5,2,1,1,5,0,5,2,null,3,3,1,2,1,4,5,1,4,0,2,5,4,2,5,2,3,4,4,3,2,1,2,5,0,4,0,3,5,3,1,2,1,1,0,0,1,0,1,3,2,5,4,5,2,5,4,0,2,5,1,1,1,1,2,0,4,5,4,3,2,2,1,4,0,2,2,4,1,5,0,0,4,5,4,1,1,4,1,4,0,0,2,0,2,5,5,3,1,3,5,1,1,1,2,0,4,3,2,2,0,0,5,2,0,1,0,1,1,2,0,4,3,2,2,1,5,3,4,3,2,0,0,4,3,0,1,2,4,1,5,0,0,3,3,0,1,5,1,0,2,1,0,4,2,5,3,4,4,3,2,3,0,4,1,0,2,1,1,4,0,4,1,3,1,3,1,4,4,3,1,0,1,2,5,0,3,5,4,5,5,4,5,2,3,4,3,4,1,2,0,null,2,1,4,0,4,3,1,2,0,1,5,5,2,0,2,1,2,5,3,0,1,4,2,0,4,5,2,0,4,0,4,3,3,4],
    [4,0,4,0,1,0,0,4,5,4,4,5,4,5,3,0,3,3,2,2,1,5,3,1,3,5,1,3,1,4,3,3,3,5,4,1,1,0,0,4,1,2,0,4,0,5,0,4,3,1,0,0,0,5,5,1,2,1,2,null,4,4,1,4,3,1,2,5,2,4,5,4,4,5,0,3,0,4,2,3,3,3,1,4,4,4,5,2,3,3,1,4,2,0,4,2,1,3,0,0,2,3,4,5,5,2,4,1,5,3,5,1,0,1,4,2,3,2,5,3,0,1,0,5,3,2,1,0,3,1,5,4,0,2,5,0,0,3,4,3,0,3,2,1,1,1,3,2,0,0,3,0,0,4,4,2,2,1,1,0,4,1,3,1,3,1,5,2,1,2,1,2,1,4,2,0,4,2,0,3,5,5,5,2,1,1,1,2,4,5,1,3,2,3,2,4,4,2,2,4,4,4,2,1,1,3,5,2,0,5,2,3,4,2,2,1,4,2,3,0,3,5,5,2,4,3,3,4,4,0,3,0,1,0,4,1,2,4,5,4,2,3,4,2,2,1,5,2,3,3],
    [0,5,1,4,2,1,3,2,5,4,4,2,0,1,4,1,2,2,1,4,3,4,null,2,5,4,5,0,2,2,0,4,3,2,5,5,0,0,4,null,1,2,0,2,4,5,2,5,null,1,3,1,5,0,3,0,4,5,0,1,3,5,4,1,3,1,4,2,4,0,5,2,3,2,2,4,4,1,4,4,3,3,0,1,3,5,0,1,0,4,5,0,0,1,5,3,4,3,2,4,5,1,0,1,2,5,1,1,2,3,4,2,0,5,2,0,3,1,1,5,5,5,2,1,3,3,3,0,0,4,1,0,3,4,0,2,1,5,5,0,4,1,2,3,0,1,2,4,3,3,2,4,5,3,4,2,0,2,1,3,4,1,3,1,0,4,0,3,5,3,0,5,4,4,3,2,2,3,4,5,3,1,0,3,1,4,5,2,5,5,5,0,5,0,0,4,4,0,4,4,2,4,3,null,3,1,2,5,3,4,0,1,5,0,5,4,0,5,2,2,4,0,5,3,3,4,0,2,0,5,2,1,2,3,0,5,5,4,1,4,0,3,3,3,3,5,5,5,4,4],
    [5,0,0,4,0,0,1,3,3,3,4,1,1,5,1,1,2,0,5,5,0,1,2,5,2,0,0,5,4,0,5,3,3,3,1,5,1,2,4,1,3,4,4,5,0,1,4,1,3,1,3,1,3,5,1,5,3,3,4,3,4,5,0,5,2,0,2,2,2,1,2,1,2,0,1,5,4,5,2,0,1,1,3,5,4,2,0,1,1,4,4,0,4,0,3,1,2,2,4,0,4,4,4,3,4,4,2,0,5,2,2,0,0,0,5,3,2,4,4,1,5,1,4,4,5,4,2,4,4,5,1,0,2,1,3,2,1,1,0,0,3,3,5,2,2,5,4,0,2,3,3,1,5,3,3,2,5,3,3,2,0,4,1,2,3,1,2,2,2,3,4,2,1,2,2,3,1,5,5,1,2,4,5,0,3,2,0,3,1,0,2,2,2,1,3,4,5,4,4,0,2,4,0,5,5,4,2,3,0,5,1,5,0,3,0,4,1,0,3,4,0,3,4,3,2,3,2,3,5,5,5,1,1,3,4,3,5,3,3,0,2,4,3,0,4,4,5,2,0,3],
    [4,1,3,1,4,5,1,5,2,2,1,4,4,0,4,5,0,1,2,3,5,5,2,null,5,5,2,1,2,4,4,1,2,0,1,2,5,3,3,5,3,0,3,4,0,5,4,4,0,4,4,4,3,5,2,4,0,2,3,2,4,4,5,2,0,3,1,5,3,5,1,0,2,1,1,4,5,4,3,0,4,1,4,0,2,4,4,4,4,3,0,4,4,2,1,1,5,1,4,3,1,4,3,1,5,5,0,0,2,3,2,0,4,3,5,2,4,4,2,2,1,2,5,5,4,5,1,4,0,3,2,3,0,0,3,5,3,4,1,1,4,4,0,2,5,2,5,1,5,0,2,1,0,5,4,2,1,2,5,2,0,2,2,2,2,3,5,0,1,1,2,4,4,2,5,2,4,0,4,0,3,1,5,4,3,4,4,0,2,0,4,4,3,4,0,5,3,4,2,3,5,3,0,4,1,2,2,2,1,5,5,5,2,2,5,3,0,4,3,3,3,2,3,2,5,4,2,0,2,3,2,3,4,3,4,1,3,0,3,0,1,1,4,2,0,0,null,0,4,0],
    [2,4,1,3,3,5,1,5,3,3,1,4,1,2,0,1,4,0,1,1,1,1,5,3,2,5,1,5,0,5,0,3,1,2,5,1,2,0,2,1,1,5,3,0,2,4,4,0,4,4,2,3,1,2,0,5,3,5,3,2,4,0,2,1,1,3,3,4,null,5,4,4,5,1,0,4,5,5,4,0,5,1,4,0,4,4,0,0,5,1,4,5,4,5,3,3,5,0,1,3,5,4,4,3,1,4,5,1,0,0,4,1,1,0,4,2,3,0,4,5,1,5,1,0,5,3,3,5,5,4,1,5,2,2,5,2,0,4,1,2,2,4,3,2,2,1,3,5,4,4,0,3,3,4,0,2,1,5,1,0,0,3,4,4,2,3,4,5,4,0,1,1,5,3,0,0,3,3,3,2,5,4,5,5,3,5,1,1,0,4,1,4,5,0,1,2,3,3,2,2,3,5,2,0,3,1,4,1,2,3,3,2,3,1,2,0,0,3,4,0,5,0,0,2,4,3,5,3,1,4,3,3,4,4,0,3,0,1,4,2,5,1,3,1,3,0,4,2,0,1],
    [2,2,5,4,4,4,5,5,1,4,3,0,1,1,0,5,1,2,2,0,1,0,0,4,3,3,1,5,2,3,0,2,5,1,0,4,1,4,1,0,2,4,4,3,5,0,2,2,2,4,2,4,5,5,1,5,0,5,0,5,3,4,1,1,0,5,2,4,2,5,2,0,3,0,1,2,4,3,2,4,1,1,0,3,1,2,4,2,4,2,1,1,5,0,3,1,3,1,4,5,1,4,2,0,4,1,2,4,1,1,4,3,3,0,0,1,0,3,3,5,4,5,3,1,2,2,1,1,4,2,4,0,1,1,5,2,5,4,1,2,2,1,4,5,1,2,1,1,1,5,1,5,3,1,5,3,5,2,5,4,1,3,0,5,2,1,2,0,4,4,3,0,2,5,2,4,3,5,1,2,5,0,2,5,2,5,4,1,5,2,1,5,1,4,1,0,4,4,2,3,null,3,4,0,5,0,2,4,3,5,2,3,1,3,3,0,4,4,4,4,4,2,1,2,5,3,0,2,3,0,2,5,0,0,4,4,2,3,2,5,1,0,5,4,4,1,1,2,5,1],
    [5,0,5,1,1,0,1,4,0,1,4,0,3,4,5,5,5,4,2,1,2,2,4,3,0,4,5,4,4,4,5,1,3,4,4,2,1,3,3,3,1,5,1,0,2,2,0,5,1,0,3,2,0,1,1,2,5,0,2,4,1,2,1,3,1,1,0,1,1,1,0,3,1,4,3,1,5,1,5,4,1,2,2,4,0,2,0,3,4,4,3,0,4,0,4,0,2,4,3,5,0,3,3,0,0,4,0,1,0,1,0,4,0,0,5,0,3,2,4,3,1,0,3,2,0,5,3,5,3,2,2,3,2,3,1,1,1,0,1,4,1,5,1,4,0,3,0,4,0,5,1,1,1,2,3,2,3,3,1,2,4,2,4,4,1,0,0,5,2,2,2,2,2,4,4,3,3,5,5,2,4,5,0,4,1,1,0,5,1,1,0,0,3,4,1,1,4,2,3,4,0,null,2,0,4,0,2,0,1,0,4,0,3,2,2,3,1,5,0,4,4,2,1,5,1,3,2,2,3,4,4,3,0,4,3,2,1,1,2,0,3,0,4,0,2,2,3,3,5,4],
    [1,0,2,4,0,3,0,0,2,0,2,5,5,4,5,0,0,5,2,4,0,2,2,2,3,3,5,5,1,1,0,1,5,4,5,0,2,1,5,5,3,5,3,1,3,4,3,5,4,3,0,1,4,0,1,0,4,3,4,0,5,3,5,3,0,0,2,2,4,4,5,3,0,0,3,1,0,5,0,2,0,1,2,4,3,2,0,5,3,3,0,5,1,5,2,5,2,2,3,2,3,5,0,3,5,2,4,1,5,0,2,3,1,0,3,5,4,0,3,5,0,4,5,3,3,5,5,5,2,4,3,1,5,0,1,2,0,0,4,5,2,5,1,0,0,0,null,null,1,0,1,3,0,1,0,1,3,0,4,5,4,3,1,4,2,5,3,1,4,1,4,1,2,3,2,1,2,5,1,2,0,1,2,3,2,1,5,0,0,0,3,4,3,1,0,0,4,1,2,1,3,3,0,4,2,0,4,0,1,1,0,3,4,1,2,3,4,2,1,3,3,1,1,5,3,4,2,4,2,3,3,3,4,0,0,4,4,1,1,4,2,0,2,1,0,4,1,0,5,1],
    [0,1,2,4,0,4,0,0,4,5,2,4,0,3,1,5,3,4,2,4,5,5,0,4,3,1,3,4,3,0,0,2,5,4,0,3,3,2,5,5,0,0,2,1,3,1,1,5,4,1,4,2,0,0,5,3,1,4,1,3,5,4,3,1,3,3,4,0,3,4,3,5,2,2,1,2,5,1,5,2,5,3,4,3,5,1,3,4,2,3,4,3,3,1,3,3,1,1,0,3,2,5,3,2,3,0,0,0,5,1,4,3,3,5,0,2,1,1,0,2,4,3,5,3,0,2,1,0,5,1,2,2,1,0,4,5,2,2,2,0,2,2,5,0,3,0,4,4,1,1,1,0,3,2,3,0,1,0,1,0,4,4,3,1,3,0,0,1,2,2,4,0,5,4,5,4,3,0,5,1,2,1,5,0,5,5,2,0,4,1,3,1,0,2,0,5,1,4,2,3,3,5,2,3,0,2,0,2,1,0,5,4,4,0,5,2,0,1,0,5,3,5,1,3,2,4,0,4,5,1,3,0,1,4,1,2,4,1,1,0,1,3,null,3,5,0,1,0,5,5],
    [2,3,5,1,3,2,1,3,2,1,5,2,1,1,3,1,2,4,3,4,3,1,4,4,3,3,1,4,5,5,3,0,5,2,0,3,0,5,1,3,4,4,5,2,2,1,4,4,0,0,5,3,1,1,1,4,null,1,1,1,2,0,3,null,4,4,3,2,0,5,4,3,3,5,0,5,3,2,4,0,5,2,3,3,3,3,2,2,1,5,5,3,1,0,0,2,5,2,2,0,3,5,1,0,0,4,0,2,5,5,2,1,0,2,4,2,3,0,2,1,3,1,2,1,1,1,1,2,1,1,2,5,3,2,4,3,0,3,3,5,4,5,3,5,0,4,4,1,0,5,3,0,0,4,4,2,4,3,2,1,4,4,3,1,1,4,1,5,5,2,2,0,0,4,3,2,3,3,0,4,5,4,5,4,4,1,0,4,2,2,1,5,3,null,5,1,2,2,0,2,3,2,2,1,2,0,2,4,1,1,4,5,4,3,3,4,1,2,1,2,3,5,0,3,2,5,1,1,3,4,3,3,5,4,2,2,4,4,3,2,4,5,2,4,0,2,0,4,4,1],
    [0,0,0,1,0,5,0,4,0,5,4,0,1,0,3,5,5,4,5,1,4,4,3,0,3,2,5,5,3,5,5,3,2,4,5,4,0,4,5,5,4,0,2,4,2,2,4,3,5,1,2,4,2,4,0,2,3,4,0,2,4,0,4,3,5,2,3,1,3,1,3,3,5,0,4,3,0,4,5,0,0,1,2,3,5,0,5,0,1,3,3,5,1,5,0,4,1,0,4,2,3,4,3,2,3,4,5,0,1,3,0,4,0,3,0,5,2,5,1,0,4,1,5,4,5,4,3,2,0,5,3,0,4,3,1,3,4,5,5,5,5,2,4,2,4,5,0,3,0,0,3,0,4,2,4,1,0,5,0,2,1,0,3,0,1,0,5,0,5,0,5,1,4,3,0,0,2,3,0,1,3,5,5,3,1,2,4,1,1,1,1,5,2,4,0,5,1,1,1,4,0,0,null,2,3,1,4,3,0,5,1,5,3,3,2,4,5,2,3,5,5,3,4,3,2,3,2,5,1,2,5,3,4,2,3,3,3,1,0,1,4,5,5,2,4,1,4,2,2,5],
    [1,5,5,5,1,4,4,5,5,3,1,5,4,1,5,5,0,2,0,0,0,3,1,1,2,2,4,0,3,3,5,4,1,3,3,1,5,0,1,0,4,5,5,4,1,1,4,4,4,1,4,0,5,4,0,3,0,5,1,2,5,0,null,3,4,3,3,3,0,3,5,0,3,0,3,4,2,1,3,0,null,2,2,5,null,4,5,3,4,3,3,2,2,5,2,0,0,4,1,2,1,5,0,4,2,3,5,0,3,4,0,0,3,3,5,4,5,1,3,3,3,3,3,0,1,0,2,4,4,1,0,2,0,5,2,1,3,5,5,0,2,1,4,1,0,4,0,0,5,0,2,0,0,5,3,2,0,4,2,3,4,4,2,2,2,3,0,5,5,0,3,1,1,0,4,4,5,1,0,5,4,0,2,0,3,5,4,4,1,null,2,3,1,5,1,0,5,4,4,0,1,4,5,4,3,0,0,2,1,0,3,5,3,3,5,3,2,2,1,1,0,3,5,4,5,3,5,5,2,3,3,4,4,0,0,4,4,5,4,3,5,0,4,5,1,0,2,2,3,1],
    [0,4,1,3,1,5,3,3,null,1,2,1,0,0,4,5,3,1,4,2,4,5,2,4,5,3,0,null,3,5,3,2,0,5,3,1,0,4,2,2,3,0,0,3,4,2,3,0,5,0,3,5,2,3,3,3,0,4,5,5,2,4,5,0,2,3,1,5,5,3,4,0,4,3,4,4,3,5,4,5,3,5,2,4,5,2,5,5,2,2,4,2,3,4,2,2,4,2,5,3,4,1,1,2,0,0,1,1,1,1,5,3,3,1,3,4,0,3,1,0,0,3,3,5,5,2,1,2,4,2,1,1,4,2,4,3,2,1,2,0,0,0,2,2,2,5,4,4,3,4,5,1,4,4,5,5,1,5,4,5,1,2,2,3,1,2,1,3,0,0,3,0,3,5,0,2,4,0,2,3,0,5,4,5,5,4,1,0,0,0,4,4,4,1,0,0,1,0,4,0,2,5,1,5,3,4,4,5,5,2,1,4,5,4,4,4,2,2,2,0,2,0,3,2,1,1,null,0,4,4,4,2,5,1,2,2,4,5,3,0,0,4,5,1,5,4,5,1,0,4],
    [1,4,5,5,3,1,3,4,0,3,2,4,2,2,1,null,0,5,3,3,3,0,2,0,5,4,0,4,3,4,0,2,0,2,3,0,2,0,5,4,0,0,0,0,4,1,0,1,0,0,1,3,0,4,0,5,3,1,5,0,4,1,1,5,0,1,2,2,5,0,4,0,4,5,2,4,0,5,0,1,2,4,2,3,5,2,5,2,0,3,5,4,3,4,1,2,1,3,null,5,4,3,2,5,3,1,1,5,5,3,0,0,2,0,5,4,1,5,1,3,0,3,4,1,4,4,3,0,3,3,4,0,0,5,1,4,1,4,2,1,3,2,2,5,3,3,1,4,1,5,4,5,0,5,2,5,3,1,5,3,2,3,5,1,1,5,5,1,3,5,0,2,1,0,3,4,3,4,0,5,2,4,5,0,1,0,2,1,5,2,1,0,2,1,4,0,1,2,5,5,2,0,2,4,3,2,4,4,1,1,1,2,1,2,3,5,3,4,2,4,3,4,2,3,1,3,0,0,4,2,0,4,3,3,0,5,4,1,2,3,0,0,2,5,0,2,3,4,5,1],
    [5,5,3,5,4,0,5,0,4,5,5,1,4,0,4,5,0,0,3,4,1,5,5,1,3,5,2,0,3,2,3,3,4,3,0,1,1,4,3,1,3,1,4,3,4,3,2,5,1,3,2,4,3,3,1,1,null,3,3,4,null,2,4,3,0,2,3,3,2,5,1,0,2,5,1,2,2,2,0,5,3,0,5,5,2,1,4,null,4,3,2,2,4,2,5,2,null,5,0,5,5,3,2,2,1,3,3,3,2,4,5,0,2,4,5,3,5,4,0,5,2,4,3,5,1,3,4,4,0,0,2,0,2,4,2,4,5,2,0,0,0,2,0,0,4,5,1,4,2,5,2,5,5,4,0,2,1,0,3,3,3,1,2,4,2,1,4,0,5,4,0,5,4,3,2,2,2,4,2,0,3,0,2,4,1,5,5,2,1,0,2,2,4,4,0,0,1,3,5,4,0,null,2,4,0,2,4,5,0,2,4,5,1,1,1,5,4,1,3,4,1,0,4,0,3,0,2,1,1,1,2,4,2,4,5,5,0,0,2,5,1,4,3,1,0,4,2,5,1,4],
    [5,0,2,3,3,5,5,1,2,0,4,4,0,3,1,0,5,1,5,2,4,1,0,3,3,1,2,4,1,3,3,5,2,5,2,4,2,5,0,3,5,4,0,3,2,1,3,1,3,3,1,2,3,4,1,1,3,0,3,3,5,4,5,2,null,2,5,5,4,5,3,5,5,3,2,2,5,4,1,5,4,1,4,0,0,5,1,1,3,4,0,2,4,3,3,4,3,0,2,1,3,5,3,5,0,2,5,2,4,1,1,0,0,0,1,4,1,2,3,4,4,2,0,1,2,5,2,1,1,2,3,2,1,1,1,4,2,1,5,1,4,1,4,0,5,0,5,0,0,5,0,3,1,1,0,0,5,1,2,0,2,1,null,5,3,4,0,2,0,1,1,0,0,2,2,5,1,0,2,0,2,1,1,1,3,5,1,0,4,2,2,5,0,0,1,4,4,0,null,3,0,0,4,1,0,2,1,1,1,5,4,2,4,0,2,5,1,5,0,2,3,0,4,0,0,3,3,2,1,0,5,1,1,2,3,0,0,2,0,2,5,3,2,5,2,5,0,0,0,3],
    [4,2,1,1,3,0,5,1,5,3,3,4,1,2,0,4,2,2,0,2,4,5,1,0,3,0,0,5,5,4,3,4,3,0,3,1,3,1,4,1,4,3,2,3,3,3,2,5,5,0,0,3,3,2,2,1,3,2,3,3,2,2,5,0,3,2,3,2,5,5,2,3,2,0,1,3,1,4,5,0,2,3,1,4,5,1,3,5,4,0,3,3,2,2,0,1,0,0,2,0,3,0,2,4,1,0,0,0,4,1,4,3,0,4,0,3,5,1,4,5,0,0,0,0,3,2,2,2,4,0,5,2,3,5,5,5,0,5,5,1,0,3,2,3,4,3,2,2,2,0,5,2,3,1,4,4,1,4,0,5,1,1,0,3,1,4,2,5,5,0,1,2,3,4,1,0,1,3,0,1,2,1,5,2,1,0,0,1,3,2,1,4,3,0,5,1,4,0,3,0,3,0,5,2,3,1,4,4,0,2,0,2,5,0,0,0,2,2,3,2,3,1,2,4,4,4,4,1,4,4,4,2,4,4,0,1,0,4,3,3,0,3,4,3,4,5,5,3,5,5],
    [1,3,3,1,4,1,5,2,0,5,3,3,4,2,5,0,3,0,1,1,3,5,2,1,5,1,5,2,3,1,3,0,4,1,1,3,2,null,3,4,5,0,1,5,5,3,0,5,5,5,3,4,2,2,5,5,0,5,4,1,0,1,1,2,0,5,0,1,1,3,3,3,4,4,0,1,3,4,4,4,0,0,2,3,1,1,4,3,1,3,1,3,4,2,4,4,3,0,0,2,4,0,5,2,5,5,2,5,5,4,4,0,2,5,2,2,0,2,3,2,0,0,2,0,5,0,0,3,0,2,0,5,0,0,1,0,3,2,3,4,1,0,0,5,0,1,1,2,3,null,1,2,0,1,4,3,1,5,5,3,5,1,4,4,5,0,1,1,4,3,4,2,3,5,4,2,3,1,3,4,5,4,0,0,4,5,2,1,1,0,2,4,1,5,3,0,3,5,2,3,2,0,4,0,3,5,1,4,5,0,2,3,5,3,2,4,2,1,2,2,1,3,4,4,1,3,4,1,1,4,5,4,5,3,1,5,0,3,5,2,5,4,5,1,3,4,0,3,5,4],
    [3,1,0,4,3,3,2,0,0,5,4,5,2,5,1,0,0,2,5,5,5,1,1,5,5,2,0,4,1,null,4,0,3,4,0,4,0,2,null,2,5,5,1,2,4,2,1,4,3,2,1,4,1,0,0,0,0,2,3,3,4,4,4,0,0,1,3,0,4,5,3,4,5,4,0,1,5,4,4,3,3,null,4,5,1,3,1,2,4,4,5,3,3,2,2,2,2,3,2,2,5,0,3,4,1,5,5,2,1,1,5,3,0,5,3,5,1,0,null,2,1,2,0,3,3,5,5,null,1,2,5,1,0,5,1,0,3,3,3,1,4,2,3,2,2,2,5,3,1,0,5,0,5,0,4,0,5,4,5,2,4,5,3,4,3,1,4,5,0,1,4,2,5,0,1,1,4,3,4,2,1,2,0,1,4,2,2,4,2,1,3,5,2,4,0,5,2,3,5,3,5,2,4,2,4,5,1,2,2,3,3,5,0,0,5,3,4,5,2,5,4,2,5,3,4,2,4,5,1,4,2,5,5,2,3,3,4,4,2,2,3,4,4,0,3,2,4,5,1,0],
    [5,2,3,0,4,1,0,3,0,4,3,1,1,4,2,3,5,2,0,null,0,4,1,4,1,1,4,0,0,5,4,2,1,3,2,2,4,1,2,4,0,3,1,5,0,5,0,0,2,3,1,5,2,0,1,3,1,1,3,1,3,5,0,3,0,5,4,1,1,5,1,3,2,5,3,3,4,3,0,0,0,0,3,0,1,1,3,1,2,3,1,4,0,4,4,1,5,3,0,1,3,0,5,1,3,5,0,3,2,4,4,2,1,5,0,1,2,5,0,4,1,0,1,2,2,1,5,2,5,0,3,2,4,3,0,1,2,1,4,4,4,3,0,1,4,3,2,1,1,2,5,4,4,3,1,2,5,2,0,2,5,0,1,3,4,1,1,2,1,5,4,2,3,1,4,2,1,1,5,5,3,2,0,1,0,2,2,2,2,3,2,3,4,1,3,2,0,3,1,3,0,5,3,4,0,2,5,1,3,3,0,4,1,2,2,1,2,1,3,2,1,4,4,3,0,1,0,4,3,4,5,0,2,1,5,4,4,4,5,1,5,5,1,5,0,0,5,5,4,3],
    [4,5,4,4,2,4,0,3,4,2,1,5,2,5,4,5,5,5,1,1,3,0,5,null,3,4,1,4,4,3,1,2,5,0,4,2,4,0,5,2,5,0,3,5,5,2,0,5,4,3,4,5,2,0,3,4,3,3,1,5,4,0,4,5,3,2,4,5,4,0,5,5,1,2,1,3,4,5,0,2,4,null,1,2,4,1,1,2,0,3,0,4,0,5,1,3,3,3,3,5,2,3,2,4,4,5,2,2,4,4,4,3,3,4,3,5,0,3,1,3,5,5,5,0,3,3,3,2,3,1,5,4,4,1,4,5,3,5,5,1,4,1,5,5,0,4,0,5,4,5,5,4,0,2,3,4,5,0,5,5,2,null,0,2,1,5,1,1,5,1,3,5,5,3,1,5,null,2,1,4,4,0,1,1,5,1,5,2,null,1,5,4,0,3,1,2,4,3,0,2,1,1,0,5,5,4,5,0,1,2,4,2,2,3,2,4,3,4,4,2,2,1,0,0,4,0,2,0,0,4,5,5,0,4,1,5,4,4,0,5,1,1,1,2,4,2,3,5,1,0],
    [2,1,3,0,1,3,2,0,1,5,2,1,3,2,4,1,1,0,1,3,0,5,5,1,3,3,3,4,0,0,1,4,3,3,5,3,3,2,4,5,3,1,0,4,2,5,1,5,2,0,5,0,5,5,2,0,0,3,5,1,4,5,5,4,2,5,2,2,2,2,1,1,0,5,2,1,4,5,1,0,4,2,4,3,5,4,2,2,1,0,5,4,1,4,0,2,2,3,1,1,2,3,1,2,1,2,5,5,1,0,2,1,3,1,0,3,4,2,5,1,3,2,5,0,0,4,2,3,4,3,3,4,4,0,5,1,1,5,1,2,4,5,0,4,3,0,5,5,5,2,2,1,0,3,2,4,1,3,5,4,0,2,2,2,2,3,2,2,3,3,2,3,0,4,1,3,0,2,5,5,0,5,4,0,2,1,4,5,3,0,3,3,4,1,0,0,4,0,3,2,2,3,1,1,0,2,0,4,4,1,5,2,0,1,4,3,2,1,1,4,0,3,4,0,5,3,5,0,4,3,2,2,3,3,4,3,1,4,4,2,5,3,4,2,2,1,2,5,5,2],
    [2,5,2,5,5,2,4,3,3,2,1,1,2,0,4,1,3,4,0,4,5,1,2,2,5,3,2,4,2,4,4,0,0,1,4,5,1,5,5,5,3,5,2,2,0,null,1,0,1,1,0,0,5,1,5,5,0,5,4,3,5,3,1,5,1,4,3,2,2,1,5,2,4,1,4,1,2,1,3,5,2,0,5,2,5,4,5,1,3,0,1,2,2,5,5,4,0,5,0,5,0,5,4,4,3,2,3,2,3,1,3,4,3,0,0,3,2,4,4,4,4,5,2,2,1,4,0,5,4,1,5,0,3,4,0,4,4,3,null,5,4,3,1,5,2,2,3,2,5,5,0,5,5,2,4,5,4,3,0,1,3,5,0,5,4,5,0,5,4,5,4,3,4,1,3,0,1,3,5,5,2,4,4,1,1,1,0,2,1,3,2,0,5,0,0,2,2,null,3,4,1,2,3,2,5,4,1,2,1,5,2,5,4,2,4,1,0,2,2,5,1,4,2,4,4,3,5,5,4,3,0,5,1,3,4,0,5,0,2,3,3,2,4,4,2,4,0,3,3,5],
    [1,4,5,5,2,2,0,1,4,4,2,5,2,5,1,5,4,2,2,2,2,4,1,2,4,3,2,2,5,3,1,1,3,2,0,4,1,3,2,2,1,2,2,3,3,0,0,2,3,0,4,2,4,5,2,5,0,2,5,0,0,5,2,5,4,4,0,0,0,null,1,1,0,1,0,2,0,0,5,0,0,0,0,3,2,5,5,1,0,1,1,1,5,3,3,0,4,3,2,0,0,2,3,1,0,4,3,0,4,3,2,3,1,0,5,3,3,5,1,3,2,4,0,3,2,3,0,1,3,2,3,0,4,1,4,2,4,2,1,2,3,5,2,4,1,4,0,5,3,4,0,5,2,3,0,5,4,3,1,1,2,4,3,3,5,2,4,1,2,0,5,4,4,0,3,4,0,1,5,3,0,2,4,5,1,0,3,1,5,2,0,1,0,2,5,4,3,0,3,3,4,4,2,0,2,3,1,1,5,3,3,4,1,5,1,0,3,2,3,4,2,1,1,0,4,1,3,2,1,3,3,3,4,4,0,4,5,1,5,4,0,4,0,2,5,0,4,4,1,0],
    [4,4,5,5,5,5,0,5,0,1,3,5,4,5,3,0,2,3,5,2,1,0,1,4,1,2,0,3,2,5,1,4,2,1,0,4,2,2,4,2,5,4,0,2,4,2,3,3,0,3,3,1,5,1,1,0,0,3,5,5,3,5,0,1,2,3,3,3,2,0,4,1,3,0,3,4,0,5,5,0,1,5,4,5,0,3,5,3,3,2,0,5,4,5,5,5,5,2,0,0,5,1,1,4,4,5,5,5,5,1,0,3,0,4,0,3,4,5,1,1,0,1,5,3,0,0,0,2,2,3,4,1,5,0,4,1,5,2,2,3,3,3,2,3,4,4,5,5,5,4,5,0,0,4,2,5,3,4,5,3,1,1,2,2,1,0,0,2,2,1,0,null,5,1,2,5,1,0,0,3,3,2,0,5,4,4,5,5,2,null,0,1,5,1,1,1,2,5,0,4,4,2,2,1,0,2,5,0,5,1,2,2,5,5,2,4,1,5,0,0,0,5,3,4,2,5,0,0,4,3,2,4,3,3,0,3,3,3,4,4,1,0,0,2,5,0,1,4,5,1],
    [2,3,3,3,4,1,5,4,1,5,0,1,null,4,5,2,2,1,3,1,0,0,5,0,3,4,5,5,0,2,0,1,5,5,2,1,1,0,0,0,2,0,2,2,0,3,5,0,5,2,1,1,5,1,2,3,4,4,2,4,1,2,2,0,0,3,4,1,4,1,5,2,5,5,1,1,3,4,5,5,2,3,1,2,2,1,1,1,1,1,5,4,3,0,1,5,2,2,5,5,4,3,4,1,1,4,5,2,4,1,2,5,4,2,3,0,0,1,3,0,3,2,3,3,5,4,5,5,0,5,2,1,3,3,1,4,0,3,1,2,5,4,3,3,3,2,0,1,0,1,1,1,3,0,5,0,0,0,5,1,2,0,5,2,1,4,0,1,3,5,5,4,3,1,1,5,3,5,3,5,2,3,5,3,2,3,1,5,1,0,1,1,5,4,3,1,3,3,0,0,2,2,5,1,3,0,4,5,1,4,4,3,4,1,1,1,5,0,3,3,0,3,1,4,3,4,2,0,5,5,1,1,2,2,3,3,2,2,5,0,0,5,0,4,1,3,0,5,2,2],
    [2,4,2,5,1,1,4,5,1,0,3,5,5,2,null,2,3,3,0,0,3,5,3,2,4,2,0,3,0,2,5,3,5,3,4,4,0,3,3,2,5,0,0,1,4,5,4,2,3,2,0,4,4,2,5,3,1,3,5,4,2,2,3,1,3,2,4,4,3,3,2,4,5,4,3,2,2,2,4,0,0,4,4,1,5,3,1,4,5,4,0,1,0,3,4,1,3,2,5,3,0,4,4,2,1,5,0,1,4,5,2,1,3,5,4,0,4,1,2,4,0,4,1,4,3,5,1,1,5,1,5,0,1,3,4,2,5,4,4,1,3,0,5,5,2,4,0,5,0,5,3,5,2,4,3,5,3,5,0,5,2,1,0,2,4,4,5,0,null,5,3,0,3,1,1,3,3,1,0,1,2,4,3,2,4,4,4,1,2,2,3,1,2,1,0,3,3,5,2,4,1,2,3,1,1,4,3,3,5,3,1,5,1,0,2,2,2,3,3,3,5,1,1,3,0,3,5,0,1,1,3,3,3,0,5,4,0,5,1,4,1,0,3,1,0,5,1,2,2,3]
  ],

  
  "similarityMatrix":
  [
    [1,-0.011100190789126323,-0.047090479629834404,-0.03337476812236668,0.07493676599901346,0.012678170554764922,-0.052612044952039264,0.034700667647982776,-0.03392092991240244,0.09359456957079033,-0.00007930365659116479,0.0970029573901033,-0.05630876879852067,0.030390660341603877,-0.1424049493081107,0.09459339328227039,0.020246330493351693,-0.024215102571085893,0.03644940073483057,0.08898573726704191,-0.08022302794524133,0.06394556248219867,-0.07230221369650604,0.06929980306839086,0.06040929458393711,-0.04675877352036193,-0.02999056926853475,0.041907549428039745,0.023578059028156177,0.06509267910149007,0.09191953204446851,-0.023428072188883764,-0.13243263316035256,-0.09372013575383131,0.0353084155311036,-0.20987423844474162,0.0013377632316796887,0.02095374441986475,0.09320346982121598,-0.019876339093923254,0.00975451707505097,0.01568420264704528,0.15195256972160434,-0.09866528999195572,-0.015433901488203202,0.037539323998536905,-0.0631962032706465,0.11390032583878049,-0.006651557190213604,0.007512159013644901],
    [-0.011100190789126323,1,-0.016317549305556348,0.07571528251934574,-0.03167625385559088,-0.05375366140368614,-0.08664210492539139,0.06988414995575719,0.07782198248627034,0.08542861705942675,-0.04340302738182437,-0.0687156061767649,-0.008032276234446599,-0.022867544701521032,0.034770716083634655,-0.015854643038462526,0.037896365448240835,-0.013223023290297745,0.1125486017129558,0.05339186776493663,0.005536067179019849,-0.061896199359001335,0.10735456024062459,0.014771985494544098,-0.06333795398900323,0.07280628313129817,0.08715389576413556,-0.012912144491854948,0.026949917715871047,0.008697338377931204,-0.0068060459844224135,-0.05699153282854279,-0.07580555047829697,-0.03272632675165528,-0.060702767373739634,-0.03402903437613089,-0.03381604718185206,0.0013465722803249435,-0.005878310508239233,-0.0650272872270271,-0.052363809733996104,-0.0679785821223569,0.10377299212882962,-0.0006130980895467185,-0.010168160429033435,-0.07250728273962077,0.06069649870583991,-0.0006692177213601702,-0.1075577805661314,0.04872074008912924],
    [-0.047090479629834404,-0.016317549305556348,1,0.0869978145381385,0.03389081588847104,-0.09038266375470164,-0.13954066722607827,-0.09278842955215202,-0.04729357737992729,-0.013013688471633776,-0.0052625358643161434,-0.055215181225271005,0.09303940834094745,0.07533448247543874,0.03521780285672771,-0.06352716710870931,-0.003365347356553512,-0.01497997084697305,0.08616929672495506,-0.049835025417749416,0.049740650428872615,-0.02409601854178991,0.060603336821863536,0.08298413838975756,-0.080469596364289,0.08290518267123019,0.08955806407786128,0.03450386794108239,-0.22391162315464627,-0.04585457342441381,0.10207559199256595,-0.016808475433947864,-0.05486561579586871,0.049922721679170216,-0.12923893607575831,-0.10452279327137932,-0.02047955322670148,-0.06934751000039809,0.036801772801151524,-0.01623866474629678,-0.07402919798289753,0.07676433842037023,-0.021904547082240804,-0.014106245927610074,0.021343447825641237,-0.03920813186299348,-0.010607747578918754,-0.0700984322905409,0.03170051143150184,-0.031655950965430994],
    [-0.03337476812236668,0.07571528251934574,0.0869978145381385,1,0.04233883896807132,-0.0241139004051539,0.042009728602663714,0.005453593474682104,0.055093832419505856,-0.014463707736488439,0.008214529421535463,0.048546605549781276,0.07382421283682199,0.0353593416194128,0.09521965449768298,-0.11158560963418054,-0.0522083602311148,-0.08263126003920747,0.018556738719998363,-0.01308269277881443,-0.028331868073151502,-0.021746394798829425,0.11761516704077606,-0.06011687065314084,0.07115286164131449,-0.01115233169683174,0.09707908216316544,0.10622125507857448,-0.013905024787066792,-0.028766271311893327,-0.07606928540977172,0.03336665448346125,0.020535864968633227,-0.07616153985891443,0.04502782140855358,0.01427775500569975,-0.06339903125999762,-0.04019960048227465,0.06142134906792895,0.004879483855097213,-0.010361099671955665,0.05837026121968922,-0.020958089881813795,-0.1204675324963599,0.08823259688105288,0.1133433583244632,-0.023069538815316114,-0.05004451681627255,-0.01726683201602478,0.007986843070623438],
    [0.07493676599901346,-0.03167625385559088,0.03389081588847104,0.04233883896807132,1,-0.12413949242880525,0.002601440006864441,0.00641181820838306,-0.035560127287675596,0.03449634397379699,0.07034181945458394,-0.049869881261237675,-0.07317286686465882,-0.12237109975866053,-0.08672146269091742,0.032872471183099,0.01027603727007504,-0.0034974474391033347,-0.004909003132136627,-0.06538367636599726,0.12501438335444812,-0.040636360089479226,0.0046513164478326745,0.07915826364078882,0.07326220250849,-0.007107987906155154,0.012432363510415068,0.1578032175617785,-0.03128924909133499,0.04714349936505032,0.02892425251715023,0.037987652380944294,-0.01991971521704379,-0.006582214791347217,-0.011070858538251755,-0.041090535479147684,-0.028008623826426386,-0.08155810066309467,0.044605391304818394,0.08783715325094424,0.05601326924417287,-0.02875290942532591,0.005346629875257477,-0.04454894077702697,0.08488759060761389,-0.04107935034884119,0.03775623768956965,0.01937928366723603,-0.06510768278510304,0.010277357275245319],
    [0.012678170554764922,-0.05375366140368614,-0.09038266375470164,-0.0241139004051539,-0.12413949242880525,1,0.06517871959766927,0.014424282983122616,0.01030812284960785,-0.006365740670925727,-0.08679142856118804,0.04125710518071629,0.06864458926328566,0.018987574118042173,0.06416993571487686,0.07076706958713272,0.015143658662445844,-0.17555043808320242,0.03062684273170591,0.0712607247426058,-0.02473628739458477,0.003013045887623456,0.06282919952253195,-0.0636919135205437,0.009559361734992429,0.05940585705324555,0.06822060890579863,-0.05837462082314145,0.06177805177614918,0.037099308763668536,0.06452414223597167,0.10095425511628632,0.007402496730691102,0.0583802597735715,0.0008559732701415473,0.015607858615982446,-0.006519234518658707,-0.036363810369553135,-0.07250180337113893,-0.021848802181573947,-0.028171122615976003,0.05505336861299991,-0.13849033734633795,0.09638556655502681,-0.10571276185365944,-0.08330887484361009,0.03508014843050577,-0.06493751248122585,-0.08019060892154287,-0.06968115205390576],
    [-0.052612044952039264,-0.08664210492539139,-0.13954066722607827,0.042009728602663714,0.002601440006864441,0.06517871959766927,1,-0.02711862206984006,-0.03274101016418071,0.054874748153979656,-0.025288400988230056,-0.08546312653353329,0.09977560679051063,0.04438467597427052,-0.027978054589062672,0.024534565357446414,0.045745181329703455,-0.05303242190879281,-0.02722503458552211,0.013546286660463553,0.009556831803372698,-0.019245429756902,-0.026777797115682355,-0.03181006423905472,-0.023618431875315694,0.06446063061783057,-0.006558604492958788,-0.007533838721352317,0.09704824812803954,-0.03830651004293946,-0.03685694245358839,-0.008842581290895922,0.05020591083443083,0.0814594172095194,-0.057727922728069654,0.0331075922473713,0.05079062081241433,0.10865819374233261,-0.028066311261946707,0.08205442646829608,0.02183009657072596,-0.1177155999143348,0.07634302919351627,0.03293795160291677,-0.03522608326718668,-0.04070234771733364,-0.014950219161194725,-0.017760459624108303,-0.060408756887554024,0.008863946510557085],
    [0.034700667647982776,0.06988414995575719,-0.09278842955215202,0.005453593474682104,0.00641181820838306,0.014424282983122616,-0.02711862206984006,1,-0.027687063355474332,-0.03736664804549218,-0.014992753575917447,-0.016428353804489676,-0.03576868483562947,0.011541049421786988,0.01324500216999494,0.03563739490366314,-0.08593740929431569,0.03881640942253026,0.07559928413705216,0.005552391506706052,-0.07648797788717573,-0.03065124908853708,-0.011048327656837335,0.01275335230684405,0.028813492008885593,-0.07654803919810772,-0.027172558945277883,-0.007223840522635818,-0.015248928906178044,-0.044208506215187446,0.08121405159394056,-0.03209632277946367,-0.048982525432975,-0.02901538111890479,0.02295943614270873,0.026807938620909234,-0.059365821474225866,0.07345179356508695,-0.056482459270418325,0.0943431917983794,0.037799859173563474,-0.015507558016361112,0.02803253813048498,0.16567930721056362,-0.08500242126890435,-0.07364906402629808,-0.013502240460948738,0.00012302285542328725,-0.08943637284881936,0.004867917486051072],
    [-0.03392092991240244,0.07782198248627034,-0.04729357737992729,0.055093832419505856,-0.035560127287675596,0.01030812284960785,-0.03274101016418071,-0.027687063355474332,1,0.05108467073414955,0.07436848885813686,-0.038217750013647855,-0.1144686734516371,-0.08300686454484021,-0.03584488062653006,0.045234970711321806,0.07781869998027172,0.04060861163280997,-0.042164040549246544,-0.016538217938483535,-0.02445103525288931,0.05352882149150869,0.07260794560419676,-0.07731759538229493,-0.06827300107183619,0.12486953738621928,-0.022895222229411136,0.10089856675989518,0.0030560789818035064,0.026057937287103185,0.016732531270603684,0.06892433422968997,0.07994574151454041,0.03646736347734013,-0.0036194869442801106,-0.04882421773508858,0.009164069904555537,-0.12929202428086764,0.06749317785170673,-0.05140499432452125,-0.07288244520433108,-0.019814302797479696,-0.0703483708709932,-0.020929767302630867,-0.08147164171585361,0.13198162658911575,-0.01203668013347038,-0.03999318639285985,-0.0862968101096917,0.024110661747248532],
    [0.09359456957079033,0.08542861705942675,-0.013013688471633776,-0.014463707736488439,0.03449634397379699,-0.006365740670925727,0.054874748153979656,-0.03736664804549218,0.05108467073414955,1,-0.056408507463622824,0.04200863285796854,-0.008432814834176855,0.06029770585075534,0.007535277396621719,0.043836500332617906,0.12952468840009151,-0.06038912109832374,0.028481687194896948,0.0006350456114663253,0.10233613577818224,0.06907659764798463,-0.034639397554136586,-0.045183071831381594,0.013555288414748812,-0.048058945735510415,0.010878586473834327,-0.022838054287298713,0.10737627395316386,0.06983191437922516,-0.06195232669340249,-0.03003053992308457,0.015181466254833843,0.09707306315649228,0.008966924747529456,0.01991691891223443,0.017179035544989795,0.027232480536248452,-0.09112718873278769,-0.013445571738805558,0.07690035851207307,-0.07721644156635016,0.0639118781493564,-0.018679913631418323,-0.1415320651883948,0.034078761295443565,-0.007454411780084109,-0.013688936835291128,-0.058328303325946726,0.11554025398085062],
    [-0.00007930365659116479,-0.04340302738182437,-0.0052625358643161434,0.008214529421535463,0.07034181945458394,-0.08679142856118804,-0.025288400988230056,-0.014992753575917447,0.07436848885813686,-0.056408507463622824,1,-0.03150343674948526,-0.027307383648508408,0.03127353584024818,0.06563630712311301,0.08922986711084331,0.015042624984938309,0.04473756186988538,0.06024466345027702,0.05575007808523833,0.054076548046506676,0.007788356917096211,0.0130811647787604,-0.046129401026645554,-0.00943905976961622,-0.055481420063292375,-0.023502698981043006,0.09977310155144183,0.05180301144130729,0.05378502994556891,0.001021910121477682,0.056598725073491125,-0.0679438120380865,-0.05371218231977021,-0.09824140112739449,-0.04120985756556343,-0.036833360958515374,-0.04319089104487641,0.19680810365514265,0.14230638530838902,0.05316307067093322,0.13301825786041033,-0.006629074513209547,0.02386662222043871,-0.09880085703119376,-0.009008069094220906,-0.15606025457778097,0.019292311610615367,0.053573408787444494,0.03987486533092035],
    [0.0970029573901033,-0.0687156061767649,-0.055215181225271005,0.048546605549781276,-0.049869881261237675,0.04125710518071629,-0.08546312653353329,-0.016428353804489676,-0.038217750013647855,0.04200863285796854,-0.03150343674948526,1,0.00910900352604838,-0.020774492853000794,-0.022276916924642655,-0.09879774366199746,-0.1039445970269202,0.014148893907075754,-0.019472140548930733,0.054193842246097364,-0.01278205920001769,0.10627225803857691,-0.04408061946948331,0.024416372038434477,0.07090661222228879,-0.09636022534054409,0.013034909509175617,-0.01761437610718425,0.03159609745324503,-0.013736438266445035,-0.04584750907577469,0.015856325384213943,0.03438442138193407,-0.05592068571917832,0.06046183733410279,-0.003927958842444478,0.035277089115582645,0.09207034247325087,-0.00830476133558153,0.004837229729134386,-0.0069554269186846065,-0.031220355240460997,-0.024955689328664297,-0.023877624349619587,0.09379993887685917,0.02103216573905108,-0.05703070538348294,-0.056530187881572234,-0.016723436477215074,0.11812566957948792],
    [-0.05630876879852067,-0.008032276234446599,0.09303940834094745,0.07382421283682199,-0.07317286686465882,0.06864458926328566,0.09977560679051063,-0.03576868483562947,-0.1144686734516371,-0.008432814834176855,-0.027307383648508408,0.00910900352604838,1,0.13841236156872805,-0.033387606375518145,-0.043933682827827496,-0.04441691137331071,-0.11349454748492917,0.020362412260767175,0.014839193861263887,0.06134877235532098,-0.025410828448201365,0.14835370128752182,-0.059293732573147226,-0.0073453512910501735,-0.0728654414738743,-0.04074615048562147,0.013984816907380768,0.032672925886718066,-0.04639926100993512,-0.02528157707281348,-0.06966784752812934,0.037353360132477524,-0.011132044049647124,0.008068450941760967,-0.011921281902717466,-0.029207748604365827,0.025296656021865392,0.08099703347826104,0.003073492878246757,-0.0792114160200186,0.052688706326254296,0.04633302248750855,0.01367359062313957,-0.08821628916671723,-0.03303293090480321,-0.05408648608040495,-0.06495295978244119,0.11543124452332205,0.022562308046647224],
